#===============================================================================
#   Lip Height Numerical Energy  Relative Error Analytical Energy Analyt. Enrgy. Error
#===============================================================================
  0.01400000 0.000000001502183   0.01256963 0.000000001483544   0.01256372
  0.01378600 0.000000001500880   0.01169115 0.000000001483544   0.01168534
  0.01357200 0.000000001499635   0.01085212 0.000000001483544   0.01084640
  0.01335800 0.000000001498935   0.01038041 0.000000001483544   0.01037478
  0.01314400 0.000000001498134   0.00984035 0.000000001483544   0.00983482
  0.01293000 0.000000001497243   0.00923990 0.000000001483543   0.00923446
  0.01271600 0.000000001496755   0.00891087 0.000000001483543   0.00890552
  0.01250200 0.000000001496149   0.00850232 0.000000001483543   0.00849707
  0.01228800 0.000000001495591   0.00812620 0.000000001483543   0.00812104
  0.01207400 0.000000001495085   0.00778529 0.000000001483543   0.00778022
  0.01186000 0.000000001494475   0.00737426 0.000000001483543   0.00736928
  0.01164600 0.000000001494452   0.00735824 0.000000001483543   0.00735335
  0.01143200 0.000000001494138   0.00714711 0.000000001483543   0.00714231
  0.01121800 0.000000001493740   0.00687820 0.000000001483542   0.00687350
  0.01100400 0.000000001493404   0.00665184 0.000000001483542   0.00664722
  0.01079000 0.000000001492980   0.00636595 0.000000001483542   0.00636143
  0.01057600 0.000000001492739   0.00620391 0.000000001483542   0.00619948
  0.01036200 0.000000001492511   0.00604992 0.000000001483542   0.00604557
  0.01014800 0.000000001492248   0.00587287 0.000000001483542   0.00586862
  0.00993400 0.000000001491990   0.00569858 0.000000001483542   0.00569442
  0.00972000 0.000000001491749   0.00553680 0.000000001483541   0.00553272
  0.00950600 0.000000001491422   0.00531580 0.000000001483541   0.00531182
  0.00929200 0.000000001491323   0.00524913 0.000000001483541   0.00524523
  0.00907800 0.000000001491033   0.00505413 0.000000001483541   0.00505033
  0.00886400 0.000000001490796   0.00489413 0.000000001483541   0.00489042
  0.00865000 0.000000001490633   0.00478443 0.000000001483541   0.00478080
  0.00843600 0.000000001490735   0.00485276 0.000000001483541   0.00484923
  0.00822200 0.000000001490546   0.00472552 0.000000001483541   0.00472208
  0.00800800 0.000000001490370   0.00460668 0.000000001483540   0.00460333
  0.00779400 0.000000001490197   0.00449019 0.000000001483540   0.00448693
  0.00758000 0.000000001490077   0.00440959 0.000000001483540   0.00440642
  0.00736600 0.000000001489915   0.00430052 0.000000001483540   0.00429744
  0.00715200 0.000000001489783   0.00421105 0.000000001483540   0.00420805
  0.00693800 0.000000001489654   0.00412411 0.000000001483540   0.00412121
  0.00672400 0.000000001489449   0.00398599 0.000000001483540   0.00398317
  0.00651000 0.000000001489297   0.00388375 0.000000001483539   0.00388102
  0.00629600 0.000000001489166   0.00379564 0.000000001483539   0.00379301
  0.00608200 0.000000001489044   0.00371309 0.000000001483539   0.00371055
  0.00586800 0.000000001489025   0.00370050 0.000000001483539   0.00369804
  0.00565400 0.000000001488904   0.00361843 0.000000001483539   0.00361607
  0.00544000 0.000000001488785   0.00353866 0.000000001483539   0.00353639
  0.00522600 0.000000001488672   0.00346240 0.000000001483539   0.00346022
  0.00501200 0.000000001488558   0.00338545 0.000000001483539   0.00338335
  0.00479800 0.000000001488451   0.00331351 0.000000001483538   0.00331150
  0.00458400 0.000000001488348   0.00324400 0.000000001483538   0.00324208
  0.00437000 0.000000001488243   0.00317344 0.000000001483538   0.00317162
  0.00415600 0.000000001488148   0.00310887 0.000000001483538   0.00310714
  0.00394200 0.000000001488052   0.00304450 0.000000001483538   0.00304285
  0.00372800 0.000000001487959   0.00298171 0.000000001483538   0.00298015
  0.00351400 0.000000001487865   0.00291864 0.000000001483538   0.00291717
  0.00330000 0.000000001487779   0.00286052 0.000000001483537   0.00285914
  0.00308600 0.000000001487693   0.00280224 0.000000001483537   0.00280095
  0.00287200 0.000000001487581   0.00272721 0.000000001483537   0.00272601
  0.00265800 0.000000001487689   0.00280010 0.000000001483537   0.00279899
  0.00244400 0.000000001487610   0.00274657 0.000000001483537   0.00274555
  0.00223000 0.000000001487529   0.00269186 0.000000001483537   0.00269093
  0.00201600 0.000000001487482   0.00266027 0.000000001483537   0.00265943
  0.00180200 0.000000001487411   0.00261242 0.000000001483537   0.00261167
  0.00158800 0.000000001487011   0.00234266 0.000000001483536   0.00234199
  0.00137400 0.000000001486940   0.00229456 0.000000001483536   0.00229398
  0.00116000 0.000000001486854   0.00223720 0.000000001483536   0.00223672
  0.00094600 0.000000001486835   0.00222441 0.000000001483536   0.00222402
  0.00073200 0.000000001486740   0.00215993 0.000000001483536   0.00215963
  0.00051800 0.000000001486997   0.00233335 0.000000001483536   0.00233314
  0.00030400 0.000000001486931   0.00228893 0.000000001483536   0.00228881
  0.00009000 0.000000001486568   0.00204414 0.000000001483536   0.00204410
 -0.00012400 0.000000001486793   0.00219592 0.000000001483535   0.00219597
 -0.00033800 0.000000001486817   0.00221203 0.000000001483535   0.00221217
 -0.00055200 0.000000001486749   0.00216633 0.000000001483535   0.00216656
 -0.00076600 0.000000001486398   0.00192982 0.000000001483535   0.00193014
 -0.00098000 0.000000001486336   0.00188774 0.000000001483535   0.00188815
 -0.00119400 0.000000001486284   0.00185259 0.000000001483535   0.00185309
 -0.00140800 0.000000001486229   0.00181595 0.000000001483535   0.00181654
 -0.00162200 0.000000001486380   0.00191713 0.000000001483534   0.00191780
 -0.00183600 0.000000001486123   0.00174409 0.000000001483534   0.00174486
 -0.00205000 0.000000001486073   0.00171020 0.000000001483534   0.00171106
 -0.00226400 0.000000001486023   0.00167650 0.000000001483534   0.00167745
 -0.00247800 0.000000001485978   0.00164675 0.000000001483534   0.00164778
 -0.00269200 0.000000001485932   0.00161515 0.000000001483534   0.00161627
 -0.00290600 0.000000001486058   0.00170012 0.000000001483534   0.00170133
 -0.00312000 0.000000001485834   0.00154963 0.000000001483534   0.00155093
 -0.00333400 0.000000001485789   0.00151928 0.000000001483533   0.00152067
 -0.00354800 0.000000001485746   0.00148989 0.000000001483533   0.00149137
 -0.00376200 0.000000001485790   0.00151982 0.000000001483533   0.00152139
 -0.00397600 0.000000001485754   0.00149527 0.000000001483533   0.00149693
 -0.00419000 0.000000001485707   0.00146379 0.000000001483533   0.00146554
 -0.00440400 0.000000001485734   0.00148206 0.000000001483533   0.00148390
 -0.00461800 0.000000001485660   0.00143178 0.000000001483533   0.00143371
 -0.00483200 0.000000001485637   0.00141665 0.000000001483532   0.00141866
 -0.00504600 0.000000001485607   0.00139604 0.000000001483532   0.00139814
 -0.00526000 0.000000001485567   0.00136921 0.000000001483532   0.00137140
 -0.00547400 0.000000001485517   0.00133585 0.000000001483532   0.00133813
 -0.00568800 0.000000001485485   0.00131393 0.000000001483532   0.00131630
 -0.00590200 0.000000001485446   0.00128804 0.000000001483532   0.00129050
 -0.00611600 0.000000001485401   0.00125727 0.000000001483532   0.00125982
 -0.00633000 0.000000001485366   0.00123405 0.000000001483532   0.00123668
 -0.00654400 0.000000001485156   0.00109202 0.000000001483531   0.00109475
 -0.00675800 0.000000001485123   0.00107039 0.000000001483531   0.00107321
 -0.00697200 0.000000001485088   0.00104624 0.000000001483531   0.00104915
 -0.00718600 0.000000001485219   0.00113463 0.000000001483531   0.00113762
 -0.00740000 0.000000001485185   0.00111208 0.000000001483531   0.00111516
 -0.00761400 0.000000001485147   0.00108652 0.000000001483531   0.00108969
 -0.00782800 0.000000001484960   0.00095993 0.000000001483531   0.00096319
 -0.00804200 0.000000001484943   0.00094909 0.000000001483530   0.00095244
 -0.00825600 0.000000001484910   0.00092681 0.000000001483530   0.00093025
 -0.00847000 0.000000001484878   0.00090514 0.000000001483530   0.00090867
 -0.00868400 0.000000001484846   0.00088371 0.000000001483530   0.00088732
 -0.00889800 0.000000001484806   0.00085631 0.000000001483530   0.00086002
 -0.00911200 0.000000001485111   0.00106185 0.000000001483530   0.00106564
 -0.00932600 0.000000001485158   0.00109376 0.000000001483530   0.00109765
 -0.00954000 0.000000001485047   0.00101863 0.000000001483530   0.00102260
 -0.00975400 0.000000001485018   0.00099962 0.000000001483529   0.00100368
 -0.00996800 0.000000001484699   0.00078452 0.000000001483529   0.00078867
 -0.01018200 0.000000001484668   0.00076360 0.000000001483529   0.00076784
 -0.01039600 0.000000001484641   0.00074515 0.000000001483529   0.00074948
 -0.01061000 0.000000001484615   0.00072773 0.000000001483529   0.00073214
 -0.01082400 0.000000001484584   0.00070676 0.000000001483529   0.00071127
 -0.01103800 0.000000001484600   0.00071787 0.000000001483529   0.00072246
 -0.01125200 0.000000001484573   0.00069939 0.000000001483529   0.00070407
 -0.01146600 0.000000001484564   0.00069352 0.000000001483528   0.00069829
 -0.01168000 0.000000001484519   0.00066279 0.000000001483528   0.00066765
 -0.01189400 0.000000001484762   0.00082678 0.000000001483528   0.00083173
 -0.01210800 0.000000001484465   0.00062687 0.000000001483528   0.00063190
 -0.01232200 0.000000001484458   0.00062176 0.000000001483528   0.00062688
 -0.01253600 0.000000001484452   0.00061764 0.000000001483528   0.00062285
 -0.01275000 0.000000001484426   0.00060017 0.000000001483528   0.00060548
 -0.01296400 0.000000001484399   0.00058221 0.000000001483527   0.00058761
 -0.01317800 0.000000001484373   0.00056487 0.000000001483527   0.00057036
 -0.01339200 0.000000001484725   0.00080182 0.000000001483527   0.00080739
 -0.01360600 0.000000001484699   0.00078454 0.000000001483527   0.00079020
 -0.01382000 0.000000001484672   0.00076583 0.000000001483527   0.00077158
 -0.01403400 0.000000001484263   0.00049024 0.000000001483527   0.00049607
 -0.01424800 0.000000001484235   0.00047128 0.000000001483527   0.00047721
 -0.01446200 0.000000001484211   0.00045535 0.000000001483527   0.00046137
 -0.01467600 0.000000001484187   0.00043901 0.000000001483526   0.00044511
 -0.01489000 0.000000001484165   0.00042409 0.000000001483526   0.00043028
 -0.01510400 0.000000001484359   0.00055529 0.000000001483526   0.00056157
 -0.01531800 0.000000001484334   0.00053805 0.000000001483526   0.00054442
 -0.01553200 0.000000001484310   0.00052222 0.000000001483526   0.00052867
 -0.01574600 0.000000001484285   0.00050553 0.000000001483526   0.00051208
 -0.01596000 0.000000001484262   0.00048957 0.000000001483526   0.00049621
 -0.01617400 0.000000001484384   0.00057187 0.000000001483525   0.00057860
 -0.01638800 0.000000001484001   0.00031369 0.000000001483525   0.00032051
 -0.01660200 0.000000001483980   0.00029935 0.000000001483525   0.00030625
 -0.01681600 0.000000001483958   0.00028511 0.000000001483525   0.00029210
 -0.01703000 0.000000001483936   0.00027027 0.000000001483525   0.00027735
 -0.01724400 0.000000001483918   0.00025797 0.000000001483525   0.00026513
 -0.01745800 0.000000001483898   0.00024450 0.000000001483525   0.00025175
 -0.01767200 0.000000001483882   0.00023330 0.000000001483525   0.00024065
 -0.01788600 0.000000001483902   0.00024719 0.000000001483524   0.00025462
 -0.01810000 0.000000001483882   0.00023353 0.000000001483524   0.00024105
 -0.01831400 0.000000001483827   0.00019649 0.000000001483524   0.00020410
 -0.01852800 0.000000001483811   0.00018565 0.000000001483524   0.00019335
 -0.01874200 0.000000001483771   0.00015886 0.000000001483524   0.00016665
 -0.01895600 0.000000001483752   0.00014593 0.000000001483524   0.00015381
 -0.01917000 0.000000001483734   0.00013356 0.000000001483524   0.00014152
 -0.01938400 0.000000001483736   0.00013538 0.000000001483524   0.00014343
 -0.01959800 0.000000001483721   0.00012529 0.000000001483523   0.00013343
 -0.01981200 0.000000001483704   0.00011350 0.000000001483523   0.00012173
 -0.02002600 0.000000001483687   0.00010196 0.000000001483523   0.00011028
 -0.02024000 0.000000001483671   0.00009106 0.000000001483523   0.00009947
 -0.02045400 0.000000001483670   0.00009096 0.000000001483523   0.00009946
 -0.02066800 0.000000001483628   0.00006257 0.000000001483523   0.00007116
 -0.02088200 0.000000001483597   0.00004142 0.000000001483523   0.00005009
 -0.02109600 0.000000001483592   0.00003820 0.000000001483522   0.00004696
 -0.02131000 0.000000001483576   0.00002718 0.000000001483522   0.00003604
 -0.02152400 0.000000001483555   0.00001330 0.000000001483522   0.00002224
 -0.02173800 0.000000001483515   0.00001397 0.000000001483522   0.00000494
 -0.02195200 0.000000001483704   0.00011336 0.000000001483522   0.00012247
 -0.02216600 0.000000001483686   0.00010168 0.000000001483522   0.00011089
 -0.02238000 0.000000001483466   0.00004690 0.000000001483522   0.00003761
 -0.02259400 0.000000001483654   0.00007961 0.000000001483522   0.00008899
 -0.02280800 0.000000001483637   0.00006866 0.000000001483521   0.00007813
 -0.02302200 0.000000001483622   0.00005822 0.000000001483521   0.00006778
 -0.02323600 0.000000001483606   0.00004733 0.000000001483521   0.00005698
 -0.02345000 0.000000001483588   0.00003540 0.000000001483521   0.00004514
 -0.02366400 0.000000001483573   0.00002522 0.000000001483521   0.00003504
 -0.02387800 0.000000001483557   0.00001432 0.000000001483521   0.00002423
 -0.02409200 0.000000001483542   0.00000428 0.000000001483521   0.00001428
 -0.02430600 0.000000001483528   0.00000507 0.000000001483520   0.00000502
 -0.02452000 0.000000001483514   0.00001444 0.000000001483520   0.00000425
 -0.02473400 0.000000001483499   0.00002459 0.000000001483520   0.00001432
 -0.02494800 0.000000001483292   0.00016426 0.000000001483520   0.00015391
 -0.02516200 0.000000001483469   0.00004463 0.000000001483520   0.00003418
 -0.02537600 0.000000001483454   0.00005477 0.000000001483520   0.00004424
 -0.02559000 0.000000001483441   0.00006379 0.000000001483520   0.00005317
 -0.02580400 0.000000001483427   0.00007336 0.000000001483520   0.00006265
 -0.02601800 0.000000001483227   0.00020814 0.000000001483519   0.00019734
 -0.02623200 0.000000001483510   0.00001713 0.000000001483519   0.00000624
 -0.02644600 0.000000001483493   0.00002839 0.000000001483519   0.00001741
 -0.02666000 0.000000001483487   0.00003245 0.000000001483519   0.00002138
 -0.02687400 0.000000001483472   0.00004297 0.000000001483519   0.00003181
 -0.02708800 0.000000001483458   0.00005227 0.000000001483519   0.00004102
 -0.02730200 0.000000001483453   0.00005558 0.000000001483519   0.00004425
 -0.02751600 0.000000001483439   0.00006488 0.000000001483519   0.00005346
 -0.02773000 0.000000001483426   0.00007396 0.000000001483518   0.00006245
 -0.02794400 0.000000001483414   0.00008173 0.000000001483518   0.00007014
 -0.02815800 0.000000001483432   0.00006944 0.000000001483518   0.00005775
 -0.02837200 0.000000001483381   0.00010414 0.000000001483518   0.00009236
 -0.02858600 0.000000001483369   0.00011247 0.000000001483518   0.00010061
 -0.02880000 0.000000001483538   0.00000160 0.000000001483518   0.00001355
 -0.02901400 0.000000001483522   0.00000940 0.000000001483518   0.00000264
 -0.02922800 0.000000001483509   0.00001807 0.000000001483517   0.00000594
 -0.02944200 0.000000001483495   0.00002733 0.000000001483517   0.00001512
 -0.02965600 0.000000001483483   0.00003566 0.000000001483517   0.00002335
 -0.02987000 0.000000001483468   0.00004530 0.000000001483517   0.00003290
 -0.03008400 0.000000001483457   0.00005265 0.000000001483517   0.00004017
 -0.03029800 0.000000001483304   0.00015629 0.000000001483517   0.00014372
 -0.03051200 0.000000001483314   0.00014894 0.000000001483517   0.00013628
 -0.03072600 0.000000001483281   0.00017160 0.000000001483517   0.00015886
 -0.03094000 0.000000001483269   0.00017930 0.000000001483516   0.00016647
 -0.03115400 0.000000001483254   0.00018955 0.000000001483516   0.00017663
 -0.03136800 0.000000001483241   0.00019873 0.000000001483516   0.00018572
 -0.03158200 0.000000001483257   0.00018779 0.000000001483516   0.00017469
 -0.03179600 0.000000001483221   0.00021189 0.000000001483516   0.00019870
 -0.03201000 0.000000001483210   0.00021954 0.000000001483516   0.00020627
 -0.03222400 0.000000001483199   0.00022697 0.000000001483516   0.00021360
 -0.03243800 0.000000001483188   0.00023424 0.000000001483515   0.00022079
 -0.03265200 0.000000001483204   0.00022365 0.000000001483515   0.00021011
 -0.03286600 0.000000001482944   0.00039866 0.000000001483515   0.00038503
 -0.03308000 0.000000001483184   0.00023717 0.000000001483515   0.00022345
 -0.03329400 0.000000001482921   0.00041388 0.000000001483515   0.00040008
 -0.03350800 0.000000001482911   0.00042098 0.000000001483515   0.00040709
 -0.03372200 0.000000001482900   0.00042818 0.000000001483515   0.00041420
 -0.03393600 0.000000001483125   0.00027701 0.000000001483515   0.00026294
 -0.03415000 0.000000001482875   0.00044512 0.000000001483514   0.00043097
 -0.03436400 0.000000001482865   0.00045186 0.000000001483514   0.00043762
 -0.03457800 0.000000001482911   0.00042120 0.000000001483514   0.00040687
 -0.03479200 0.000000001482900   0.00042812 0.000000001483514   0.00041370
 -0.03500600 0.000000001482891   0.00043425 0.000000001483514   0.00041974
 -0.03522000 0.000000001482874   0.00044596 0.000000001483514   0.00043136
 -0.03543400 0.000000001482859   0.00045585 0.000000001483514   0.00044117
 -0.03564800 0.000000001482849   0.00046274 0.000000001483514   0.00044796
 -0.03586200 0.000000001482839   0.00046924 0.000000001483513   0.00045437
 -0.03607600 0.000000001482812   0.00048757 0.000000001483513   0.00047262
 -0.03629000 0.000000001482802   0.00049458 0.000000001483513   0.00047954
 -0.03650400 0.000000001482792   0.00050126 0.000000001483513   0.00048613
 -0.03671800 0.000000001482781   0.00050835 0.000000001483513   0.00049313
 -0.03693200 0.000000001482772   0.00051448 0.000000001483513   0.00049918
 -0.03714600 0.000000001482763   0.00052094 0.000000001483513   0.00050555
 -0.03736000 0.000000001482944   0.00039874 0.000000001483512   0.00038326
 -0.03757400 0.000000001482661   0.00058917 0.000000001483512   0.00057360
 -0.03778800 0.000000001482652   0.00059538 0.000000001483512   0.00057972
 -0.03800200 0.000000001482643   0.00060154 0.000000001483512   0.00058579
 -0.03821600 0.000000001482633   0.00060808 0.000000001483512   0.00059224
 -0.03843000 0.000000001482897   0.00043069 0.000000001483512   0.00041477
 -0.03864400 0.000000001482613   0.00062180 0.000000001483512   0.00060579
 -0.03885800 0.000000001482605   0.00062732 0.000000001483512   0.00061122
 -0.03907200 0.000000001482869   0.00044936 0.000000001483511   0.00043317
 -0.03928600 0.000000001482860   0.00045533 0.000000001483511   0.00043905
 -0.03950000 0.000000001482578   0.00064560 0.000000001483511   0.00062924
 -0.03971400 0.000000001482568   0.00065203 0.000000001483511   0.00063558
 -0.03992800 0.000000001482561   0.00065683 0.000000001483511   0.00064029
 -0.04014200 0.000000001482579   0.00064458 0.000000001483511   0.00062795
 -0.04035600 0.000000001482572   0.00064947 0.000000001483511   0.00063275
 -0.04057000 0.000000001482561   0.00065710 0.000000001483511   0.00064029
 -0.04078400 0.000000001482552   0.00066301 0.000000001483510   0.00064612
 -0.04099800 0.000000001482545   0.00066793 0.000000001483510   0.00065095
 -0.04121200 0.000000001482537   0.00067287 0.000000001483510   0.00065581
 -0.04142600 0.000000001482529   0.00067839 0.000000001483510   0.00066124
 -0.04164000 0.000000001482523   0.00068259 0.000000001483510   0.00066535
 -0.04185400 0.000000001482415   0.00075509 0.000000001483510   0.00073776
 -0.04206800 0.000000001482407   0.00076072 0.000000001483510   0.00074330
 -0.04228200 0.000000001482417   0.00075366 0.000000001483509   0.00073615
 -0.04249600 0.000000001482410   0.00075866 0.000000001483509   0.00074106
 -0.04271000 0.000000001482402   0.00076384 0.000000001483509   0.00074615
 -0.04292400 0.000000001482404   0.00076285 0.000000001483509   0.00074508
 -0.04313800 0.000000001482395   0.00076859 0.000000001483509   0.00075072
 -0.04335200 0.000000001482389   0.00077312 0.000000001483509   0.00075517
 -0.04356600 0.000000001482339   0.00080616 0.000000001483509   0.00078813
 -0.04378000 0.000000001482375   0.00078196 0.000000001483509   0.00076383
 -0.04399400 0.000000001482443   0.00073647 0.000000001483508   0.00071826
 -0.04420800 0.000000001482435   0.00074186 0.000000001483508   0.00072356
 -0.04442200 0.000000001482428   0.00074670 0.000000001483508   0.00072832
 -0.04463600 0.000000001482416   0.00075486 0.000000001483508   0.00073638
 -0.04485000 0.000000001482408   0.00076001 0.000000001483508   0.00074144
 -0.04506400 0.000000001482404   0.00076288 0.000000001483508   0.00074423
 -0.04527800 0.000000001482397   0.00076753 0.000000001483508   0.00074878
 -0.04549200 0.000000001482389   0.00077253 0.000000001483507   0.00075370
 -0.04570600 0.000000001482382   0.00077728 0.000000001483507   0.00075836
 -0.04592000 0.000000001482376   0.00078137 0.000000001483507   0.00076237
 -0.04613400 0.000000001482369   0.00078605 0.000000001483507   0.00076696
 -0.04634800 0.000000001482362   0.00079091 0.000000001483507   0.00077172
 -0.04656200 0.000000001482356   0.00079513 0.000000001483507   0.00077586
 -0.04677600 0.000000001482310   0.00082614 0.000000001483507   0.00080678
 -0.04699000 0.000000001482322   0.00081772 0.000000001483507   0.00079828
 -0.04720400 0.000000001482316   0.00082228 0.000000001483506   0.00080275
 -0.04741800 0.000000001482309   0.00082696 0.000000001483506   0.00080734
 -0.04763200 0.000000001482294   0.00083681 0.000000001483506   0.00081710
 -0.04784600 0.000000001482288   0.00084119 0.000000001483506   0.00082139
 -0.04806000 0.000000001482281   0.00084573 0.000000001483506   0.00082584
 -0.04827400 0.000000001482284   0.00084372 0.000000001483506   0.00082375
 -0.04848800 0.000000001482277   0.00084857 0.000000001483506   0.00082851
 -0.04870200 0.000000001482271   0.00085206 0.000000001483506   0.00083191
 -0.04891600 0.000000001482265   0.00085657 0.000000001483505   0.00083634
 -0.04913000 0.000000001482258   0.00086081 0.000000001483505   0.00084048
 -0.04934400 0.000000001482252   0.00086518 0.000000001483505   0.00084477
 -0.04955800 0.000000001482246   0.00086944 0.000000001483505   0.00084894
 -0.04977200 0.000000001482229   0.00088053 0.000000001483505   0.00085995
 -0.04998600 0.000000001482224   0.00088431 0.000000001483505   0.00086363
 -0.05020000 0.000000001482219   0.00088760 0.000000001483505   0.00086683
 -0.05041400 0.000000001482213   0.00089168 0.000000001483504   0.00087082
 -0.05062800 0.000000001482206   0.00089583 0.000000001483504   0.00087489
 -0.05084200 0.000000001482202   0.00089912 0.000000001483504   0.00087809
 -0.05105600 0.000000001482196   0.00090307 0.000000001483504   0.00088196
 -0.05127000 0.000000001482196   0.00090282 0.000000001483504   0.00088162
 -0.05148400 0.000000001482190   0.00090680 0.000000001483504   0.00088550
 -0.05169800 0.000000001482185   0.00091017 0.000000001483504   0.00088878
 -0.05191200 0.000000001482181   0.00091328 0.000000001483504   0.00089181
 -0.05212600 0.000000001482175   0.00091706 0.000000001483503   0.00089550
 -0.05234000 0.000000001482166   0.00092283 0.000000001483503   0.00090119
 -0.05255400 0.000000001482161   0.00092628 0.000000001483503   0.00090454
 -0.05276800 0.000000001482156   0.00093002 0.000000001483503   0.00090820
 -0.05298200 0.000000001482142   0.00093905 0.000000001483503   0.00091714
 -0.05319600 0.000000001482136   0.00094350 0.000000001483503   0.00092150
 -0.05341000 0.000000001482131   0.00094654 0.000000001483503   0.00092446
 -0.05362400 0.000000001482126   0.00095029 0.000000001483503   0.00092812
 -0.05383800 0.000000001482120   0.00095430 0.000000001483502   0.00093204
 -0.05405200 0.000000001482116   0.00095672 0.000000001483502   0.00093437
 -0.05426600 0.000000001482116   0.00095675 0.000000001483502   0.00093431
 -0.05448000 0.000000001482110   0.00096052 0.000000001483502   0.00093800
 -0.05469400 0.000000001482104   0.00096470 0.000000001483502   0.00094209
 -0.05490800 0.000000001482099   0.00096794 0.000000001483502   0.00094524
 -0.05512200 0.000000001482094   0.00097176 0.000000001483502   0.00094897
 -0.05533600 0.000000001482077   0.00098329 0.000000001483501   0.00096041
 -0.05555000 0.000000001482071   0.00098688 0.000000001483501   0.00096392
 -0.05576400 0.000000001482066   0.00099080 0.000000001483501   0.00096775
 -0.05597800 0.000000001482063   0.00099266 0.000000001483501   0.00096952
 -0.05619200 0.000000001482058   0.00099620 0.000000001483501   0.00097297
 -0.05640600 0.000000001482083   0.00097900 0.000000001483501   0.00095569
 -0.05662000 0.000000001482093   0.00097239 0.000000001483501   0.00094899
 -0.05683400 0.000000001482088   0.00097547 0.000000001483501   0.00095198
 -0.05704800 0.000000001482082   0.00097969 0.000000001483500   0.00095611
 -0.05726200 0.000000001482076   0.00098375 0.000000001483500   0.00096008
 -0.05747600 0.000000001482071   0.00098729 0.000000001483500   0.00096354
 -0.05769000 0.000000001482066   0.00099033 0.000000001483500   0.00096649
 -0.05790400 0.000000001482061   0.00099376 0.000000001483500   0.00096983
 -0.05811800 0.000000001482057   0.00099656 0.000000001483500   0.00097254
 -0.05833200 0.000000001482036   0.00101066 0.000000001483500   0.00098655
 -0.05854600 0.000000001482030   0.00101445 0.000000001483500   0.00099026
 -0.05876000 0.000000001482025   0.00101817 0.000000001483499   0.00099389
 -0.05897400 0.000000001482020   0.00102120 0.000000001483499   0.00099683
 -0.05918800 0.000000001482031   0.00101414 0.000000001483499   0.00098969
 -0.05940200 0.000000001482025   0.00101833 0.000000001483499   0.00099379
 -0.05961600 0.000000001482084   0.00097817 0.000000001483499   0.00095354
 -0.05983000 0.000000001482079   0.00098156 0.000000001483499   0.00095684
 -0.06004400 0.000000001482076   0.00098370 0.000000001483499   0.00095889
 -0.06025800 0.000000001482071   0.00098700 0.000000001483498   0.00096211
 -0.06047200 0.000000001482066   0.00099064 0.000000001483498   0.00096566
 -0.06068600 0.000000001482061   0.00099395 0.000000001483498   0.00096888
 -0.06090000 0.000000001482056   0.00099752 0.000000001483498   0.00097236
 -0.06111400 0.000000001482050   0.00100133 0.000000001483498   0.00097608
 -0.06132800 0.000000001482046   0.00100403 0.000000001483498   0.00097870
 -0.06154200 0.000000001482040   0.00100818 0.000000001483498   0.00098276
 -0.06175600 0.000000001482034   0.00101207 0.000000001483498   0.00098656
 -0.06197000 0.000000001482036   0.00101087 0.000000001483497   0.00098527
 -0.06218400 0.000000001482030   0.00101491 0.000000001483497   0.00098922
 -0.06239800 0.000000001482025   0.00101821 0.000000001483497   0.00099243
 -0.06261200 0.000000001482021   0.00102094 0.000000001483497   0.00099508
 -0.06282600 0.000000001482014   0.00102575 0.000000001483497   0.00099981
 -0.06304000 0.000000001482011   0.00102764 0.000000001483497   0.00100160
 -0.06325400 0.000000001482006   0.00103094 0.000000001483497   0.00100482
 -0.06346800 0.000000001482001   0.00103415 0.000000001483497   0.00100794
 -0.06368200 0.000000001481997   0.00103724 0.000000001483496   0.00101094
 -0.06389600 0.000000001481992   0.00104018 0.000000001483496   0.00101380
 -0.06411000 0.000000001481989   0.00104274 0.000000001483496   0.00101626
 -0.06432400 0.000000001481984   0.00104608 0.000000001483496   0.00101952
 -0.06453800 0.000000001481978   0.00105009 0.000000001483496   0.00102344
 -0.06475200 0.000000001481975   0.00105197 0.000000001483496   0.00102523
 -0.06496600 0.000000001481970   0.00105492 0.000000001483496   0.00102809
 -0.06518000 0.000000001481967   0.00105739 0.000000001483495   0.00103048
 -0.06539400 0.000000001481962   0.00106078 0.000000001483495   0.00103378
 -0.06560800 0.000000001481958   0.00106358 0.000000001483495   0.00103649
 -0.06582200 0.000000001481951   0.00106812 0.000000001483495   0.00104094
 -0.06603600 0.000000001481946   0.00107107 0.000000001483495   0.00104381
 -0.06625000 0.000000001481940   0.00107561 0.000000001483495   0.00104826
 -0.06646400 0.000000001481936   0.00107841 0.000000001483495   0.00105097
 -0.06667800 0.000000001481931   0.00108183 0.000000001483495   0.00105431
 -0.06689200 0.000000001481927   0.00108433 0.000000001483494   0.00105672
 -0.06710600 0.000000001481925   0.00108557 0.000000001483494   0.00105787
 -0.06732000 0.000000001481921   0.00108820 0.000000001483494   0.00106041
 -0.06753400 0.000000001481919   0.00108987 0.000000001483494   0.00106199
 -0.06774800 0.000000001481915   0.00109205 0.000000001483494   0.00106409
 -0.06796200 0.000000001481906   0.00109848 0.000000001483494   0.00107043
 -0.06817600 0.000000001481901   0.00110196 0.000000001483494   0.00107382
 -0.06839000 0.000000001481935   0.00107868 0.000000001483494   0.00105046
 -0.06860400 0.000000001481932   0.00108081 0.000000001483493   0.00105249
 -0.06881800 0.000000001481930   0.00108184 0.000000001483493   0.00105344
 -0.06903200 0.000000001481927   0.00108432 0.000000001483493   0.00105583
 -0.06924600 0.000000001481923   0.00108722 0.000000001483493   0.00105864
 -0.06946000 0.000000001481919   0.00108938 0.000000001483493   0.00106072
 -0.06967400 0.000000001481916   0.00109154 0.000000001483493   0.00106279
 -0.06988800 0.000000001481908   0.00109721 0.000000001483493   0.00106836
 -0.07010200 0.000000001481905   0.00109886 0.000000001483492   0.00106993
 -0.07031600 0.000000001481902   0.00110125 0.000000001483492   0.00107224
 -0.07053000 0.000000001481897   0.00110451 0.000000001483492   0.00107540
 -0.07074400 0.000000001481894   0.00110616 0.000000001483492   0.00107697
 -0.07095800 0.000000001481890   0.00110904 0.000000001483492   0.00107976
 -0.07117200 0.000000001481886   0.00111155 0.000000001483492   0.00108219
 -0.07138600 0.000000001481886   0.00111207 0.000000001483492   0.00108262
 -0.07160000 0.000000001481883   0.00111396 0.000000001483492   0.00108442
 -0.07181400 0.000000001481881   0.00111551 0.000000001483491   0.00108588
 -0.07202800 0.000000001481878   0.00111735 0.000000001483491   0.00108763
 -0.07224200 0.000000001481874   0.00112007 0.000000001483491   0.00109027
 -0.07245600 0.000000001481869   0.00112329 0.000000001483491   0.00109340
 -0.07267000 0.000000001481862   0.00112833 0.000000001483491   0.00109835
 -0.07288400 0.000000001481863   0.00112727 0.000000001483491   0.00109720
 -0.07309800 0.000000001481854   0.00113314 0.000000001483491   0.00110299
 -0.07331200 0.000000001481851   0.00113545 0.000000001483491   0.00110521
 -0.07352600 0.000000001481844   0.00113991 0.000000001483490   0.00110958
 -0.07374000 0.000000001481843   0.00114073 0.000000001483490   0.00111031
 -0.07395400 0.000000001481842   0.00114166 0.000000001483490   0.00111116
 -0.07416800 0.000000001481836   0.00114540 0.000000001483490   0.00111480
 -0.07438200 0.000000001481833   0.00114747 0.000000001483490   0.00111679
 -0.07459600 0.000000001481828   0.00115099 0.000000001483490   0.00112023
 -0.07481000 0.000000001481824   0.00115342 0.000000001483490   0.00112257
 -0.07502400 0.000000001481821   0.00115546 0.000000001483489   0.00112452
 -0.07523800 0.000000001481819   0.00115732 0.000000001483489   0.00112630
 -0.07545200 0.000000001481814   0.00116037 0.000000001483489   0.00112925
 -0.07566600 0.000000001481811   0.00116215 0.000000001483489   0.00113095
 -0.07588000 0.000000001481808   0.00116418 0.000000001483489   0.00113288
 -0.07609400 0.000000001481805   0.00116635 0.000000001483489   0.00113497
 -0.07630800 0.000000001481803   0.00116808 0.000000001483489   0.00113661
 -0.07652200 0.000000001481798   0.00117090 0.000000001483489   0.00113935
 -0.07673600 0.000000001481796   0.00117282 0.000000001483488   0.00114118
 -0.07695000 0.000000001481792   0.00117505 0.000000001483488   0.00114332
 -0.07716400 0.000000001481789   0.00117744 0.000000001483488   0.00114563
 -0.07737800 0.000000001481787   0.00117852 0.000000001483488   0.00114662
 -0.07759200 0.000000001481807   0.00116534 0.000000001483488   0.00113335
 -0.07780600 0.000000001481801   0.00116906 0.000000001483488   0.00113698
 -0.07802000 0.000000001481799   0.00117021 0.000000001483488   0.00113804
 -0.07823400 0.000000001481795   0.00117345 0.000000001483488   0.00114119
 -0.07844800 0.000000001481790   0.00117684 0.000000001483487   0.00114450
 -0.07866200 0.000000001481787   0.00117856 0.000000001483487   0.00114613
 -0.07887600 0.000000001481784   0.00118065 0.000000001483487   0.00114814
 -0.07909000 0.000000001481781   0.00118291 0.000000001483487   0.00115030
 -0.07930400 0.000000001481779   0.00118391 0.000000001483487   0.00115122
 -0.07951800 0.000000001481763   0.00119507 0.000000001483487   0.00116229
 -0.07973200 0.000000001481754   0.00120084 0.000000001483487   0.00116798
 -0.07994600 0.000000001481751   0.00120276 0.000000001483487   0.00116981
 -0.08016000 0.000000001481577   0.00132007 0.000000001483486   0.00128704
 -0.08037400 0.000000001481572   0.00132342 0.000000001483486   0.00129030
 -0.08058800 0.000000001481569   0.00132521 0.000000001483486   0.00129200
 -0.08080200 0.000000001481567   0.00132714 0.000000001483486   0.00129384
 -0.08101600 0.000000001481565   0.00132836 0.000000001483486   0.00129497
 -0.08123000 0.000000001481562   0.00133021 0.000000001483486   0.00129673
 -0.08144400 0.000000001481559   0.00133213 0.000000001483486   0.00129857
 -0.08165800 0.000000001481580   0.00131829 0.000000001483485   0.00128465
 -0.08187200 0.000000001481620   0.00129140 0.000000001483485   0.00125766
 -0.08208600 0.000000001481617   0.00129333 0.000000001483485   0.00125950
 -0.08230000 0.000000001481614   0.00129527 0.000000001483485   0.00126136
 -0.08251400 0.000000001481569   0.00132582 0.000000001483485   0.00129182
 -0.08272800 0.000000001481567   0.00132654 0.000000001483485   0.00129246
 -0.08294200 0.000000001481565   0.00132848 0.000000001483485   0.00129431
 -0.08315600 0.000000001481562   0.00132993 0.000000001483485   0.00129567
 -0.08337000 0.000000001481555   0.00133466 0.000000001483484   0.00130031
 -0.08358400 0.000000001481537   0.00134728 0.000000001483484   0.00131285
 -0.08379800 0.000000001481536   0.00134793 0.000000001483484   0.00131341
 -0.08401200 0.000000001481533   0.00134979 0.000000001483484   0.00131518
 -0.08422600 0.000000001481532   0.00135068 0.000000001483484   0.00131598
 -0.08444000 0.000000001481530   0.00135199 0.000000001483484   0.00131721
 -0.08465400 0.000000001481528   0.00135332 0.000000001483484   0.00131845
 -0.08486800 0.000000001481653   0.00126862 0.000000001483484   0.00123366
 -0.08508200 0.000000001481651   0.00127004 0.000000001483483   0.00123500
 -0.08529600 0.000000001481649   0.00127173 0.000000001483483   0.00123660
 -0.08551000 0.000000001481624   0.00128860 0.000000001483483   0.00125338
 -0.08572400 0.000000001481647   0.00127293 0.000000001483483   0.00123762
 -0.08593800 0.000000001481645   0.00127462 0.000000001483483   0.00123923
 -0.08615200 0.000000001481644   0.00127522 0.000000001483483   0.00123974
 -0.08636600 0.000000001481639   0.00127861 0.000000001483483   0.00124304
 -0.08658000 0.000000001481637   0.00127942 0.000000001483482   0.00124377
 -0.08679400 0.000000001481633   0.00128234 0.000000001483482   0.00124660
 -0.08700800 0.000000001481630   0.00128422 0.000000001483482   0.00124839
 -0.08722200 0.000000001481628   0.00128577 0.000000001483482   0.00124985
 -0.08743600 0.000000001481600   0.00130429 0.000000001483482   0.00126828
 -0.08765000 0.000000001481598   0.00130589 0.000000001483482   0.00126979
 -0.08786400 0.000000001481596   0.00130732 0.000000001483482   0.00127114
 -0.08807800 0.000000001481594   0.00130879 0.000000001483482   0.00127252
 -0.08829200 0.000000001481591   0.00131036 0.000000001483481   0.00127400
 -0.08850600 0.000000001481589   0.00131180 0.000000001483481   0.00127536
 -0.08872000 0.000000001481587   0.00131360 0.000000001483481   0.00127707
 -0.08893400 0.000000001481584   0.00131569 0.000000001483481   0.00127907
 -0.08914800 0.000000001481582   0.00131683 0.000000001483481   0.00128013
 -0.08936200 0.000000001481580   0.00131841 0.000000001483481   0.00128162
 -0.08957600 0.000000001481577   0.00132000 0.000000001483481   0.00128312
 -0.08979000 0.000000001481575   0.00132157 0.000000001483481   0.00128460
 -0.09000400 0.000000001481572   0.00132329 0.000000001483480   0.00128624
 -0.09021800 0.000000001481570   0.00132476 0.000000001483480   0.00128762
 -0.09043200 0.000000001481569   0.00132554 0.000000001483480   0.00128832
 -0.09064600 0.000000001481567   0.00132700 0.000000001483480   0.00128969
 -0.09086000 0.000000001481564   0.00132879 0.000000001483480   0.00129139
 -0.09107400 0.000000001481562   0.00133026 0.000000001483480   0.00129277
 -0.09128800 0.000000001481559   0.00133208 0.000000001483480   0.00129450
 -0.09150200 0.000000001481557   0.00133352 0.000000001483480   0.00129586
 -0.09171600 0.000000001481555   0.00133515 0.000000001483479   0.00129740
 -0.09193000 0.000000001481552   0.00133665 0.000000001483479   0.00129881
 -0.09214400 0.000000001481549   0.00133871 0.000000001483479   0.00130079
 -0.09235800 0.000000001481547   0.00134045 0.000000001483479   0.00130244
 -0.09257200 0.000000001481545   0.00134191 0.000000001483479   0.00130381
 -0.09278600 0.000000001481542   0.00134338 0.000000001483479   0.00130520
 -0.09300000 0.000000001481540   0.00134505 0.000000001483479   0.00130678
 -0.09321400 0.000000001481538   0.00134620 0.000000001483478   0.00130784
 -0.09342800 0.000000001481537   0.00134740 0.000000001483478   0.00130895
 -0.09364200 0.000000001481535   0.00134816 0.000000001483478   0.00130962
 -0.09385600 0.000000001481533   0.00134949 0.000000001483478   0.00131087
 -0.09407000 0.000000001481532   0.00135064 0.000000001483478   0.00131193
 -0.09428400 0.000000001481530   0.00135210 0.000000001483478   0.00131331
 -0.09449800 0.000000001481529   0.00135261 0.000000001483478   0.00131372
 -0.09471200 0.000000001481526   0.00135419 0.000000001483478   0.00131522
 -0.09492600 0.000000001481525   0.00135516 0.000000001483477   0.00131610
 -0.09514000 0.000000001481523   0.00135640 0.000000001483477   0.00131726
 -0.09535400 0.000000001481521   0.00135769 0.000000001483477   0.00131846
 -0.09556800 0.000000001481519   0.00135892 0.000000001483477   0.00131960
 -0.09578200 0.000000001481517   0.00136042 0.000000001483477   0.00132102
 -0.09599600 0.000000001481515   0.00136221 0.000000001483477   0.00132272
 -0.09621000 0.000000001481513   0.00136333 0.000000001483477   0.00132375
 -0.09642400 0.000000001481510   0.00136507 0.000000001483477   0.00132540
 -0.09663800 0.000000001481509   0.00136607 0.000000001483476   0.00132632
 -0.09685200 0.000000001481509   0.00136572 0.000000001483476   0.00132588
 -0.09706600 0.000000001481507   0.00136762 0.000000001483476   0.00132769
 -0.09728000 0.000000001481505   0.00136874 0.000000001483476   0.00132872
 -0.09749400 0.000000001481503   0.00137012 0.000000001483476   0.00133002
 -0.09770800 0.000000001481500   0.00137208 0.000000001483476   0.00133189
 -0.09792200 0.000000001481498   0.00137335 0.000000001483476   0.00133307
 -0.09813600 0.000000001481497   0.00137427 0.000000001483475   0.00133391
 -0.09835000 0.000000001481495   0.00137541 0.000000001483475   0.00133496
 -0.09856400 0.000000001481495   0.00137553 0.000000001483475   0.00133500
 -0.09877800 0.000000001481493   0.00137660 0.000000001483475   0.00133598
 -0.09899200 0.000000001481491   0.00137840 0.000000001483475   0.00133769
 -0.09920600 0.000000001481489   0.00137966 0.000000001483475   0.00133886
 -0.09942000 0.000000001481487   0.00138095 0.000000001483475   0.00134006
 -0.09963400 0.000000001481486   0.00138176 0.000000001483475   0.00134079
 -0.09984800 0.000000001481484   0.00138260 0.000000001483474   0.00134154
 -0.10006200 0.000000001481483   0.00138366 0.000000001483474   0.00134251
 -0.10027600 0.000000001481481   0.00138457 0.000000001483474   0.00134334
 -0.10049000 0.000000001481480   0.00138544 0.000000001483474   0.00134412
 -0.10070400 0.000000001481478   0.00138653 0.000000001483474   0.00134512
 -0.10091800 0.000000001481476   0.00138805 0.000000001483474   0.00134655
 -0.10113200 0.000000001481475   0.00138883 0.000000001483474   0.00134725
 -0.10134600 0.000000001481473   0.00139012 0.000000001483474   0.00134845
 -0.10156000 0.000000001481471   0.00139171 0.000000001483473   0.00134996
 -0.10177400 0.000000001481469   0.00139277 0.000000001483473   0.00135093
 -0.10198800 0.000000001481468   0.00139362 0.000000001483473   0.00135169
 -0.10220200 0.000000001481466   0.00139481 0.000000001483473   0.00135279
 -0.10241600 0.000000001481465   0.00139570 0.000000001483473   0.00135360
 -0.10263000 0.000000001481463   0.00139687 0.000000001483473   0.00135468
 -0.10284400 0.000000001481464   0.00139607 0.000000001483473   0.00135379
 -0.10305800 0.000000001481463   0.00139715 0.000000001483473   0.00135479
 -0.10327200 0.000000001481461   0.00139802 0.000000001483472   0.00135557
 -0.10348600 0.000000001481460   0.00139903 0.000000001483472   0.00135650
 -0.10370000 0.000000001481458   0.00140033 0.000000001483472   0.00135771
 -0.10391400 0.000000001481457   0.00140104 0.000000001483472   0.00135833
 -0.10412800 0.000000001481456   0.00140198 0.000000001483472   0.00135918
 -0.10434200 0.000000001481454   0.00140317 0.000000001483472   0.00136029
 -0.10455600 0.000000001481433   0.00141731 0.000000001483472   0.00137434
 -0.10477000 0.000000001481431   0.00141841 0.000000001483471   0.00137536
 -0.10498400 0.000000001481430   0.00141935 0.000000001483471   0.00137621
 -0.10519800 0.000000001481429   0.00142000 0.000000001483471   0.00137677
 -0.10541200 0.000000001481428   0.00142073 0.000000001483471   0.00137741
 -0.10562600 0.000000001481425   0.00142231 0.000000001483471   0.00137891
 -0.10584000 0.000000001481424   0.00142321 0.000000001483471   0.00137972
 -0.10605400 0.000000001481423   0.00142394 0.000000001483471   0.00138036
 -0.10626800 0.000000001481421   0.00142544 0.000000001483471   0.00138178
 -0.10648200 0.000000001481419   0.00142664 0.000000001483470   0.00138289
 -0.10669600 0.000000001481418   0.00142752 0.000000001483470   0.00138368
 -0.10691000 0.000000001481416   0.00142834 0.000000001483470   0.00138442
 -0.10712400 0.000000001481415   0.00142944 0.000000001483470   0.00138543
 -0.10733800 0.000000001481414   0.00143025 0.000000001483470   0.00138615
 -0.10755200 0.000000001481413   0.00143077 0.000000001483470   0.00138658
 -0.10776600 0.000000001481412   0.00143165 0.000000001483470   0.00138738
 -0.10798000 0.000000001481410   0.00143297 0.000000001483470   0.00138861
 -0.10819400 0.000000001481408   0.00143431 0.000000001483469   0.00138986
 -0.10840800 0.000000001481406   0.00143553 0.000000001483469   0.00139099
 -0.10862200 0.000000001481405   0.00143623 0.000000001483469   0.00139161
 -0.10883600 0.000000001481414   0.00142979 0.000000001483469   0.00138509
 -0.10905000 0.000000001481413   0.00143075 0.000000001483469   0.00138596
 -0.10926400 0.000000001481412   0.00143118 0.000000001483469   0.00138630
 -0.10947800 0.000000001481411   0.00143197 0.000000001483469   0.00138700
 -0.10969200 0.000000001481409   0.00143304 0.000000001483469   0.00138799
 -0.10990600 0.000000001481406   0.00143540 0.000000001483468   0.00139026
 -0.11012000 0.000000001481405   0.00143595 0.000000001483468   0.00139073
 -0.11033400 0.000000001481393   0.00144410 0.000000001483468   0.00139878
 -0.11054800 0.000000001481392   0.00144494 0.000000001483468   0.00139954
 -0.11076200 0.000000001481390   0.00144592 0.000000001483468   0.00140043
 -0.11097600 0.000000001481388   0.00144727 0.000000001483468   0.00140169
 -0.11119000 0.000000001481388   0.00144785 0.000000001483468   0.00140218
 -0.11140400 0.000000001481386   0.00144873 0.000000001483467   0.00140298
 -0.11161800 0.000000001481385   0.00144960 0.000000001483467   0.00140377
 -0.11183200 0.000000001481382   0.00145149 0.000000001483467   0.00140556
 -0.11204600 0.000000001481381   0.00145195 0.000000001483467   0.00140594
 -0.11226000 0.000000001481381   0.00145248 0.000000001483467   0.00140639
 -0.11247400 0.000000001481378   0.00145417 0.000000001483467   0.00140799
 -0.11268800 0.000000001481378   0.00145415 0.000000001483467   0.00140788
 -0.11290200 0.000000001481376   0.00145587 0.000000001483467   0.00140951
 -0.11311600 0.000000001481371   0.00145917 0.000000001483466   0.00141272
 -0.11333000 0.000000001481369   0.00146010 0.000000001483466   0.00141357
 -0.11354400 0.000000001481370   0.00145966 0.000000001483466   0.00141305
 -0.11375800 0.000000001481364   0.00146341 0.000000001483466   0.00141670
 -0.11397200 0.000000001481364   0.00146339 0.000000001483466   0.00141660
 -0.11418600 0.000000001481363   0.00146429 0.000000001483466   0.00141741
 -0.11440000 0.000000001481364   0.00146376 0.000000001483466   0.00141679
 -0.11461400 0.000000001481364   0.00146378 0.000000001483466   0.00141673
 -0.11482800 0.000000001481363   0.00146445 0.000000001483465   0.00141731
 -0.11504200 0.000000001481362   0.00146488 0.000000001483465   0.00141766
 -0.11525600 0.000000001481361   0.00146564 0.000000001483465   0.00141833
 -0.11547000 0.000000001481359   0.00146696 0.000000001483465   0.00141957
 -0.11568400 0.000000001481358   0.00146779 0.000000001483465   0.00142030
 -0.11589800 0.000000001481358   0.00146798 0.000000001483465   0.00142041
 -0.11611200 0.000000001481356   0.00146877 0.000000001483465   0.00142111
 -0.11632600 0.000000001481355   0.00146977 0.000000001483465   0.00142203
 -0.11654000 0.000000001481359   0.00146691 0.000000001483464   0.00141908
 -0.11675400 0.000000001481358   0.00146759 0.000000001483464   0.00141968
 -0.11696800 0.000000001481357   0.00146826 0.000000001483464   0.00142026
 -0.11718200 0.000000001481355   0.00146966 0.000000001483464   0.00142157
 -0.11739600 0.000000001481367   0.00146197 0.000000001483464   0.00141379
 -0.11761000 0.000000001481362   0.00146508 0.000000001483464   0.00141682
 -0.11782400 0.000000001481358   0.00146807 0.000000001483464   0.00141972
 -0.11803800 0.000000001481356   0.00146924 0.000000001483463   0.00142080
 -0.11825200 0.000000001481354   0.00147057 0.000000001483463   0.00142204
 -0.11846600 0.000000001481354   0.00147058 0.000000001483463   0.00142197
 -0.11868000 0.000000001481353   0.00147135 0.000000001483463   0.00142265
 -0.11889400 0.000000001481352   0.00147201 0.000000001483463   0.00142323
 -0.11910800 0.000000001481351   0.00147236 0.000000001483463   0.00142349
 -0.11932200 0.000000001481350   0.00147307 0.000000001483463   0.00142411
 -0.11953600 0.000000001481349   0.00147382 0.000000001483463   0.00142478
 -0.11975000 0.000000001481348   0.00147455 0.000000001483462   0.00142542
 -0.11996400 0.000000001481345   0.00147639 0.000000001483462   0.00142717
 -0.12017800 0.000000001481344   0.00147710 0.000000001483462   0.00142780
 -0.12039200 0.000000001481342   0.00147827 0.000000001483462   0.00142888
 -0.12060600 0.000000001481347   0.00147506 0.000000001483462   0.00142559
 -0.12082000 0.000000001481346   0.00147606 0.000000001483462   0.00142650
 -0.12103400 0.000000001481344   0.00147739 0.000000001483462   0.00142774
 -0.12124800 0.000000001481343   0.00147807 0.000000001483462   0.00142833
 -0.12146200 0.000000001481342   0.00147863 0.000000001483461   0.00142881
 -0.12167600 0.000000001481334   0.00148393 0.000000001483461   0.00143402
 -0.12189000 0.000000001481334   0.00148363 0.000000001483461   0.00143363
 -0.12210400 0.000000001481334   0.00148414 0.000000001483461   0.00143406
 -0.12231800 0.000000001481332   0.00148518 0.000000001483461   0.00143501
 -0.12253200 0.000000001481331   0.00148567 0.000000001483461   0.00143542
 -0.12274600 0.000000001481331   0.00148588 0.000000001483461   0.00143554
 -0.12296000 0.000000001481331   0.00148597 0.000000001483461   0.00143554
 -0.12317400 0.000000001481329   0.00148711 0.000000001483460   0.00143660
 -0.12338800 0.000000001481329   0.00148743 0.000000001483460   0.00143683
 -0.12360200 0.000000001481328   0.00148826 0.000000001483460   0.00143757
 -0.12381600 0.000000001481327   0.00148881 0.000000001483460   0.00143804
 -0.12403000 0.000000001481325   0.00148992 0.000000001483460   0.00143905
 -0.12424400 0.000000001481324   0.00149060 0.000000001483460   0.00143965
 -0.12445800 0.000000001481323   0.00149110 0.000000001483460   0.00144006
 -0.12467200 0.000000001481322   0.00149168 0.000000001483459   0.00144056
 -0.12488600 0.000000001481320   0.00149324 0.000000001483459   0.00144204
 -0.12510000 0.000000001481319   0.00149411 0.000000001483459   0.00144282
 -0.12531400 0.000000001481242   0.00154618 0.000000001483459   0.00149480
 -0.12552800 0.000000001481241   0.00154683 0.000000001483459   0.00149537
 -0.12574200 0.000000001481240   0.00154756 0.000000001483459   0.00149601
 -0.12595600 0.000000001481239   0.00154819 0.000000001483459   0.00149655
 -0.12617000 0.000000001481238   0.00154865 0.000000001483459   0.00149693
 -0.12638400 0.000000001481235   0.00155098 0.000000001483458   0.00149916
 -0.12659800 0.000000001481236   0.00155008 0.000000001483458   0.00149818
 -0.12681200 0.000000001481231   0.00155361 0.000000001483458   0.00150163
 -0.12702600 0.000000001481230   0.00155376 0.000000001483458   0.00150169
 -0.12724000 0.000000001481229   0.00155478 0.000000001483458   0.00150262
 -0.12745400 0.000000001481223   0.00155842 0.000000001483458   0.00150618
 -0.12766800 0.000000001481223   0.00155901 0.000000001483458   0.00150668
 -0.12788200 0.000000001481221   0.00155990 0.000000001483458   0.00150748
 -0.12809600 0.000000001481223   0.00155849 0.000000001483457   0.00150599
 -0.12831000 0.000000001481218   0.00156178 0.000000001483457   0.00150919
 -0.12852400 0.000000001481218   0.00156205 0.000000001483457   0.00150937
 -0.12873800 0.000000001481217   0.00156247 0.000000001483457   0.00150971
 -0.12895200 0.000000001481216   0.00156372 0.000000001483457   0.00151087
 -0.12916600 0.000000001481215   0.00156432 0.000000001483457   0.00151139
 -0.12938000 0.000000001481217   0.00156292 0.000000001483457   0.00150990
 -0.12959400 0.000000001481213   0.00156517 0.000000001483457   0.00151207
 -0.12980800 0.000000001481214   0.00156493 0.000000001483456   0.00151174
 -0.13002200 0.000000001481213   0.00156564 0.000000001483456   0.00151236
 -0.13023600 0.000000001481212   0.00156601 0.000000001483456   0.00151265
 -0.13045000 0.000000001481212   0.00156601 0.000000001483456   0.00151256
 -0.13066400 0.000000001481212   0.00156638 0.000000001483456   0.00151284
 -0.13087800 0.000000001481211   0.00156702 0.000000001483456   0.00151339
 -0.13109200 0.000000001481208   0.00156896 0.000000001483456   0.00151525
 -0.13130600 0.000000001481205   0.00157095 0.000000001483456   0.00151715
 -0.13152000 0.000000001481204   0.00157141 0.000000001483455   0.00151752
 -0.13173400 0.000000001481203   0.00157207 0.000000001483455   0.00151810
 -0.13194800 0.000000001481203   0.00157191 0.000000001483455   0.00151786
 -0.13216200 0.000000001481203   0.00157232 0.000000001483455   0.00151817
 -0.13237600 0.000000001481202   0.00157284 0.000000001483455   0.00151861
 -0.13259000 0.000000001481200   0.00157424 0.000000001483455   0.00151992
 -0.13280400 0.000000001481201   0.00157345 0.000000001483455   0.00151905
 -0.13301800 0.000000001481198   0.00157592 0.000000001483454   0.00152143
 -0.13323200 0.000000001481197   0.00157608 0.000000001483454   0.00152150
 -0.13344600 0.000000001481190   0.00158112 0.000000001483454   0.00152646
 -0.13366000 0.000000001481188   0.00158242 0.000000001483454   0.00152767
 -0.13387400 0.000000001481187   0.00158295 0.000000001483454   0.00152811
 -0.13408800 0.000000001481188   0.00158243 0.000000001483454   0.00152751
 -0.13430200 0.000000001481185   0.00158408 0.000000001483454   0.00152907
 -0.13451600 0.000000001481185   0.00158448 0.000000001483454   0.00152939
 -0.13473000 0.000000001481158   0.00160285 0.000000001483453   0.00154767
 -0.13494400 0.000000001481158   0.00160263 0.000000001483453   0.00154736
 -0.13515800 0.000000001481157   0.00160328 0.000000001483453   0.00154793
 -0.13537200 0.000000001481156   0.00160408 0.000000001483453   0.00154864
 -0.13558600 0.000000001481155   0.00160458 0.000000001483453   0.00154905
 -0.13580000 0.000000001481159   0.00160211 0.000000001483453   0.00154650
 -0.13601400 0.000000001481158   0.00160285 0.000000001483453   0.00154715
 -0.13622800 0.000000001481157   0.00160350 0.000000001483453   0.00154772
 -0.13644200 0.000000001481188   0.00158263 0.000000001483452   0.00152676
 -0.13665600 0.000000001481187   0.00158309 0.000000001483452   0.00152713
 -0.13687000 0.000000001481185   0.00158452 0.000000001483452   0.00152847
 -0.13708400 0.000000001481183   0.00158544 0.000000001483452   0.00152931
 -0.13729800 0.000000001481183   0.00158590 0.000000001483452   0.00152969
 -0.13751200 0.000000001481199   0.00157474 0.000000001483452   0.00151844
 -0.13772600 0.000000001481199   0.00157478 0.000000001483452   0.00151839
 -0.13794000 0.000000001481198   0.00157581 0.000000001483452   0.00151934
 -0.13815400 0.000000001481197   0.00157622 0.000000001483451   0.00151966
 -0.13836800 0.000000001481197   0.00157660 0.000000001483451   0.00151995
 -0.13858200 0.000000001481193   0.00157917 0.000000001483451   0.00152243
 -0.13879600 0.000000001481191   0.00158004 0.000000001483451   0.00152322
 -0.13901000 0.000000001481176   0.00159017 0.000000001483451   0.00153326
 -0.13922400 0.000000001481175   0.00159101 0.000000001483451   0.00153401
 -0.13943800 0.000000001481175   0.00159139 0.000000001483451   0.00153431
 -0.13965200 0.000000001481175   0.00159097 0.000000001483451   0.00153380
 -0.13986600 0.000000001481174   0.00159163 0.000000001483450   0.00153437
 -0.14008000 0.000000001481173   0.00159219 0.000000001483450   0.00153485
 -0.14029400 0.000000001481179   0.00158830 0.000000001483450   0.00153087
 -0.14050800 0.000000001481179   0.00158857 0.000000001483450   0.00153106
 -0.14072200 0.000000001481179   0.00158873 0.000000001483450   0.00153114
 -0.14093600 0.000000001481176   0.00159016 0.000000001483450   0.00153248
 -0.14115000 0.000000001481177   0.00158996 0.000000001483450   0.00153219
 -0.14136400 0.000000001481176   0.00159061 0.000000001483449   0.00153276
 -0.14157800 0.000000001481175   0.00159104 0.000000001483449   0.00153310
 -0.14179200 0.000000001481174   0.00159158 0.000000001483449   0.00153355
 -0.14200600 0.000000001481173   0.00159217 0.000000001483449   0.00153405
 -0.14222000 0.000000001481152   0.00160651 0.000000001483449   0.00154831
 -0.14243400 0.000000001481151   0.00160706 0.000000001483449   0.00154877
 -0.14264800 0.000000001481151   0.00160759 0.000000001483449   0.00154922
 -0.14286200 0.000000001481149   0.00160833 0.000000001483449   0.00154987
 -0.14307600 0.000000001481149   0.00160853 0.000000001483448   0.00154998
 -0.14329000 0.000000001481147   0.00160996 0.000000001483448   0.00155133
 -0.14350400 0.000000001481143   0.00161261 0.000000001483448   0.00155389
 -0.14371800 0.000000001481142   0.00161313 0.000000001483448   0.00155433
 -0.14393200 0.000000001481141   0.00161403 0.000000001483448   0.00155514
 -0.14414600 0.000000001481142   0.00161348 0.000000001483448   0.00155450
 -0.14436000 0.000000001481141   0.00161433 0.000000001483448   0.00155527
 -0.14457400 0.000000001481140   0.00161477 0.000000001483448   0.00155562
 -0.14478800 0.000000001481139   0.00161555 0.000000001483447   0.00155632
 -0.14500200 0.000000001481137   0.00161664 0.000000001483447   0.00155732
 -0.14521600 0.000000001481137   0.00161673 0.000000001483447   0.00155732
 -0.14543000 0.000000001481130   0.00162169 0.000000001483447   0.00156220
 -0.14564400 0.000000001481129   0.00162240 0.000000001483447   0.00156283
 -0.14585800 0.000000001481182   0.00158660 0.000000001483447   0.00152693
 -0.14607200 0.000000001481149   0.00160847 0.000000001483447   0.00154872
 -0.14628600 0.000000001481148   0.00160908 0.000000001483447   0.00154924
 -0.14650000 0.000000001481146   0.00161033 0.000000001483446   0.00155041
 -0.14671400 0.000000001481149   0.00160883 0.000000001483446   0.00154882
 -0.14692800 0.000000001481148   0.00160931 0.000000001483446   0.00154922
 -0.14714200 0.000000001481139   0.00161562 0.000000001483446   0.00155544
 -0.14735600 0.000000001481138   0.00161597 0.000000001483446   0.00155571
 -0.14757000 0.000000001481143   0.00161257 0.000000001483446   0.00155222
 -0.14778400 0.000000001481143   0.00161287 0.000000001483446   0.00155243
 -0.14799800 0.000000001481141   0.00161383 0.000000001483446   0.00155330
 -0.14821200 0.000000001481140   0.00161460 0.000000001483445   0.00155399
 -0.14842600 0.000000001481140   0.00161491 0.000000001483445   0.00155421
 -0.14864000 0.000000001481134   0.00161852 0.000000001483445   0.00155774
 -0.14885400 0.000000001481134   0.00161883 0.000000001483445   0.00155796
 -0.14906800 0.000000001481132   0.00162041 0.000000001483445   0.00155945
 -0.14928200 0.000000001481133   0.00161940 0.000000001483445   0.00155836
 -0.14949600 0.000000001481132   0.00161985 0.000000001483445   0.00155872
 -0.14971000 0.000000001481133   0.00161963 0.000000001483444   0.00155842
 -0.14992400 0.000000001481133   0.00161909 0.000000001483444   0.00155779
 -0.15013800 0.000000001481132   0.00161983 0.000000001483444   0.00155844
 -0.15035200 0.000000001481129   0.00162199 0.000000001483444   0.00156051
 -0.15056600 0.000000001481131   0.00162099 0.000000001483444   0.00155943
 -0.15078000 0.000000001481132   0.00162033 0.000000001483444   0.00155869
 -0.15099400 0.000000001481131   0.00162063 0.000000001483444   0.00155890
 -0.15120800 0.000000001481133   0.00161922 0.000000001483444   0.00155740
 -0.15142200 0.000000001481128   0.00162253 0.000000001483443   0.00156063
 -0.15163600 0.000000001481128   0.00162309 0.000000001483443   0.00156111
 -0.15185000 0.000000001481128   0.00162290 0.000000001483443   0.00156082
 -0.15206400 0.000000001481134   0.00161843 0.000000001483443   0.00155627
 -0.15227800 0.000000001481132   0.00161999 0.000000001483443   0.00155774
 -0.15249200 0.000000001481132   0.00162027 0.000000001483443   0.00155794
 -0.15270600 0.000000001481131   0.00162067 0.000000001483443   0.00155825
 -0.15292000 0.000000001481129   0.00162189 0.000000001483443   0.00155938
 -0.15313400 0.000000001481129   0.00162201 0.000000001483442   0.00155942
 -0.15334800 0.000000001481129   0.00162234 0.000000001483442   0.00155966
 -0.15356200 0.000000001481128   0.00162268 0.000000001483442   0.00155992
 -0.15377600 0.000000001481131   0.00162044 0.000000001483442   0.00155760
 -0.15399000 0.000000001481131   0.00162085 0.000000001483442   0.00155791
 -0.15420400 0.000000001481130   0.00162129 0.000000001483442   0.00155827
 -0.15441800 0.000000001481130   0.00162157 0.000000001483442   0.00155846
 -0.15463200 0.000000001481129   0.00162189 0.000000001483442   0.00155870
 -0.15484600 0.000000001481129   0.00162210 0.000000001483441   0.00155882
 -0.15506000 0.000000001481125   0.00162513 0.000000001483441   0.00156177
 -0.15527400 0.000000001481132   0.00162040 0.000000001483441   0.00155695
 -0.15548800 0.000000001481132   0.00162030 0.000000001483441   0.00155677
 -0.15570200 0.000000001481121   0.00162719 0.000000001483441   0.00156356
 -0.15591600 0.000000001481121   0.00162759 0.000000001483441   0.00156389
 -0.15613000 0.000000001481120   0.00162796 0.000000001483441   0.00156416
 -0.15634400 0.000000001481120   0.00162821 0.000000001483441   0.00156433
 -0.15655800 0.000000001481119   0.00162888 0.000000001483440   0.00156491
 -0.15677200 0.000000001481120   0.00162815 0.000000001483440   0.00156410
 -0.15698600 0.000000001481119   0.00162856 0.000000001483440   0.00156442
 -0.15720000 0.000000001481127   0.00162337 0.000000001483440   0.00155914
 -0.15741400 0.000000001481128   0.00162278 0.000000001483440   0.00155847
 -0.15762800 0.000000001481129   0.00162218 0.000000001483440   0.00155778
 -0.15784200 0.000000001481117   0.00162996 0.000000001483440   0.00156548
 -0.15805600 0.000000001481116   0.00163105 0.000000001483440   0.00156648
 -0.15827000 0.000000001481127   0.00162351 0.000000001483439   0.00155886
 -0.15848400 0.000000001481126   0.00162408 0.000000001483439   0.00155934
 -0.15869800 0.000000001481127   0.00162362 0.000000001483439   0.00155880
 -0.15891200 0.000000001481126   0.00162422 0.000000001483439   0.00155931
 -0.15912600 0.000000001481126   0.00162393 0.000000001483439   0.00155894
 -0.15934000 0.000000001481127   0.00162352 0.000000001483439   0.00155844
 -0.15955400 0.000000001481141   0.00161426 0.000000001483439   0.00154909
 -0.15976800 0.000000001481140   0.00161460 0.000000001483438   0.00154935
 -0.15998200 0.000000001481139   0.00161540 0.000000001483438   0.00155006
 -0.16019600 0.000000001481145   0.00161128 0.000000001483438   0.00154585
 -0.16041000 0.000000001481145   0.00161121 0.000000001483438   0.00154570
 -0.16062400 0.000000001481144   0.00161176 0.000000001483438   0.00154616
 -0.16083800 0.000000001481145   0.00161141 0.000000001483438   0.00154572
 -0.16105200 0.000000001481143   0.00161265 0.000000001483438   0.00154688
 -0.16126600 0.000000001481142   0.00161334 0.000000001483438   0.00154748
 -0.16148000 0.000000001481141   0.00161370 0.000000001483437   0.00154776
 -0.16169400 0.000000001481142   0.00161365 0.000000001483437   0.00154762
 -0.16190800 0.000000001481141   0.00161374 0.000000001483437   0.00154762
 -0.16212200 0.000000001481141   0.00161387 0.000000001483437   0.00154767
 -0.16233600 0.000000001481141   0.00161406 0.000000001483437   0.00154777
 -0.16255000 0.000000001481132   0.00162023 0.000000001483437   0.00155386
 -0.16276400 0.000000001481131   0.00162085 0.000000001483437   0.00155440
 -0.16297800 0.000000001481131   0.00162090 0.000000001483437   0.00155436
 -0.16319200 0.000000001481145   0.00161148 0.000000001483436   0.00154485
 -0.16340600 0.000000001481144   0.00161194 0.000000001483436   0.00154523
 -0.16362000 0.000000001481143   0.00161242 0.000000001483436   0.00154562
 -0.16383400 0.000000001481143   0.00161245 0.000000001483436   0.00154556
 -0.16404800 0.000000001481142   0.00161318 0.000000001483436   0.00154621
 -0.16426200 0.000000001481143   0.00161241 0.000000001483436   0.00154536
 -0.16447600 0.000000001481142   0.00161340 0.000000001483436   0.00154626
 -0.16469000 0.000000001481142   0.00161341 0.000000001483436   0.00154618
 -0.16490400 0.000000001481075   0.00165826 0.000000001483435   0.00159094
 -0.16511800 0.000000001481076   0.00165815 0.000000001483435   0.00159076
 -0.16533200 0.000000001481074   0.00165886 0.000000001483435   0.00159137
 -0.16554600 0.000000001481075   0.00165884 0.000000001483435   0.00159127
 -0.16576000 0.000000001481074   0.00165934 0.000000001483435   0.00159168
 -0.16597400 0.000000001481073   0.00165961 0.000000001483435   0.00159186
 -0.16618800 0.000000001481073   0.00165994 0.000000001483435   0.00159211
 -0.16640200 0.000000001481071   0.00166142 0.000000001483435   0.00159351
 -0.16661600 0.000000001481068   0.00166302 0.000000001483434   0.00159502
 -0.16683000 0.000000001481069   0.00166253 0.000000001483434   0.00159444
 -0.16704400 0.000000001481068   0.00166337 0.000000001483434   0.00159520
 -0.16725800 0.000000001481067   0.00166413 0.000000001483434   0.00159588
 -0.16747200 0.000000001481063   0.00166648 0.000000001483434   0.00159813
 -0.16768600 0.000000001481063   0.00166657 0.000000001483434   0.00159814
 -0.16790000 0.000000001481062   0.00166714 0.000000001483434   0.00159863
 -0.16811400 0.000000001481060   0.00166830 0.000000001483434   0.00159970
 -0.16832800 0.000000001481070   0.00166176 0.000000001483433   0.00159308
 -0.16854200 0.000000001481070   0.00166163 0.000000001483433   0.00159286
 -0.16875600 0.000000001481110   0.00163464 0.000000001483433   0.00156578
 -0.16897000 0.000000001481102   0.00164008 0.000000001483433   0.00157114
 -0.16918400 0.000000001481102   0.00164052 0.000000001483433   0.00157149
 -0.16939800 0.000000001481101   0.00164076 0.000000001483433   0.00157165
 -0.16961200 0.000000001481115   0.00163176 0.000000001483433   0.00156256
 -0.16982600 0.000000001481117   0.00163015 0.000000001483432   0.00156087
 -0.17004000 0.000000001481117   0.00163048 0.000000001483432   0.00156111
 -0.17025400 0.000000001481116   0.00163063 0.000000001483432   0.00156117
 -0.17046800 0.000000001481115   0.00163138 0.000000001483432   0.00156183
 -0.17068200 0.000000001481108   0.00163617 0.000000001483432   0.00156654
 -0.17089600 0.000000001481117   0.00163033 0.000000001483432   0.00156061
 -0.17111000 0.000000001481116   0.00163057 0.000000001483432   0.00156077
 -0.17132400 0.000000001481114   0.00163227 0.000000001483432   0.00156238
 -0.17153800 0.000000001481113   0.00163285 0.000000001483431   0.00156287
 -0.17175200 0.000000001481113   0.00163315 0.000000001483431   0.00156309
 -0.17196600 0.000000001481058   0.00166991 0.000000001483431   0.00159977
 -0.17218000 0.000000001481057   0.00167095 0.000000001483431   0.00160072
 -0.17239400 0.000000001481089   0.00164903 0.000000001483431   0.00157872
 -0.17260800 0.000000001481088   0.00164942 0.000000001483431   0.00157902
 -0.17282200 0.000000001481088   0.00164970 0.000000001483431   0.00157921
 -0.17303600 0.000000001481087   0.00165008 0.000000001483431   0.00157951
 -0.17325000 0.000000001481086   0.00165123 0.000000001483430   0.00158058
 -0.17346400 0.000000001481085   0.00165171 0.000000001483430   0.00158097
 -0.17367800 0.000000001481084   0.00165210 0.000000001483430   0.00158128
 -0.17389200 0.000000001481083   0.00165296 0.000000001483430   0.00158205
 -0.17410600 0.000000001481083   0.00165337 0.000000001483430   0.00158237
 -0.17432000 0.000000001481082   0.00165386 0.000000001483430   0.00158277
 -0.17453400 0.000000001481081   0.00165424 0.000000001483430   0.00158308
 -0.17474800 0.000000001481081   0.00165432 0.000000001483430   0.00158306
 -0.17496200 0.000000001481081   0.00165470 0.000000001483429   0.00158336
 -0.17517600 0.000000001481080   0.00165510 0.000000001483429   0.00158367
 -0.17539000 0.000000001481082   0.00165363 0.000000001483429   0.00158212
 -0.17560400 0.000000001481101   0.00164100 0.000000001483429   0.00156940
 -0.17581800 0.000000001481101   0.00164122 0.000000001483429   0.00156954
 -0.17603200 0.000000001481099   0.00164254 0.000000001483429   0.00157077
 -0.17624600 0.000000001481099   0.00164234 0.000000001483429   0.00157048
 -0.17646000 0.000000001481098   0.00164285 0.000000001483429   0.00157091
 -0.17667400 0.000000001481100   0.00164169 0.000000001483428   0.00156967
 -0.17688800 0.000000001481101   0.00164104 0.000000001483428   0.00156893
 -0.17710200 0.000000001481100   0.00164150 0.000000001483428   0.00156930
 -0.17731600 0.000000001481099   0.00164199 0.000000001483428   0.00156971
 -0.17753000 0.000000001481099   0.00164211 0.000000001483428   0.00156974
 -0.17774400 0.000000001481021   0.00169503 0.000000001483428   0.00162258
 -0.17795800 0.000000001481021   0.00169512 0.000000001483428   0.00162258
 -0.17817200 0.000000001481020   0.00169534 0.000000001483428   0.00162272
 -0.17838600 0.000000001481020   0.00169584 0.000000001483427   0.00162314
 -0.17860000 0.000000001481021   0.00169513 0.000000001483427   0.00162233
 -0.17881400 0.000000001481021   0.00169518 0.000000001483427   0.00162230
 -0.17902800 0.000000001481020   0.00169549 0.000000001483427   0.00162252
 -0.17924200 0.000000001481018   0.00169688 0.000000001483427   0.00162383
 -0.17945600 0.000000001481019   0.00169601 0.000000001483427   0.00162287
 -0.17967000 0.000000001481019   0.00169623 0.000000001483427   0.00162301
 -0.17988400 0.000000001481018   0.00169702 0.000000001483427   0.00162371
 -0.18009800 0.000000001481034   0.00168599 0.000000001483426   0.00161260
 -0.18031200 0.000000001481035   0.00168548 0.000000001483426   0.00161200
 -0.18052600 0.000000001481036   0.00168461 0.000000001483426   0.00161105
 -0.18074000 0.000000001481074   0.00165925 0.000000001483426   0.00158560
 -0.18095400 0.000000001481073   0.00165976 0.000000001483426   0.00158602
 -0.18116800 0.000000001481073   0.00165991 0.000000001483426   0.00158608
 -0.18138200 0.000000001481072   0.00166041 0.000000001483426   0.00158650
 -0.18159600 0.000000001481075   0.00165834 0.000000001483426   0.00158435
 -0.18181000 0.000000001481074   0.00165944 0.000000001483425   0.00158537
 -0.18202400 0.000000001481074   0.00165945 0.000000001483425   0.00158529
 -0.18223800 0.000000001481073   0.00165974 0.000000001483425   0.00158549
 -0.18245200 0.000000001481075   0.00165834 0.000000001483425   0.00158401
 -0.18266600 0.000000001481074   0.00165892 0.000000001483425   0.00158450
 -0.18288000 0.000000001481024   0.00169290 0.000000001483425   0.00161840
 -0.18309400 0.000000001481060   0.00166872 0.000000001483425   0.00159413
 -0.18330800 0.000000001481024   0.00169316 0.000000001483424   0.00161849
 -0.18352200 0.000000001481023   0.00169352 0.000000001483424   0.00161876
 -0.18373600 0.000000001481022   0.00169449 0.000000001483424   0.00161965
 -0.18395000 0.000000001481054   0.00167242 0.000000001483424   0.00159749
 -0.18416400 0.000000001481055   0.00167227 0.000000001483424   0.00159725
 -0.18437800 0.000000001481054   0.00167261 0.000000001483424   0.00159751
 -0.18459200 0.000000001481053   0.00167328 0.000000001483424   0.00159809
 -0.18480600 0.000000001481053   0.00167356 0.000000001483424   0.00159828
 -0.18502000 0.000000001481053   0.00167326 0.000000001483423   0.00159790
 -0.18523400 0.000000001481052   0.00167414 0.000000001483423   0.00159869
 -0.18544800 0.000000001481052   0.00167415 0.000000001483423   0.00159862
 -0.18566200 0.000000001481048   0.00167650 0.000000001483423   0.00160089
 -0.18587600 0.000000001481051   0.00167491 0.000000001483423   0.00159921
 -0.18609000 0.000000001481050   0.00167517 0.000000001483423   0.00159938
 -0.18630400 0.000000001481050   0.00167541 0.000000001483423   0.00159954
 -0.18651800 0.000000001481049   0.00167571 0.000000001483423   0.00159975
 -0.18673200 0.000000001481049   0.00167600 0.000000001483422   0.00159996
 -0.18694600 0.000000001481050   0.00167552 0.000000001483422   0.00159939
 -0.18716000 0.000000001481049   0.00167579 0.000000001483422   0.00159958
 -0.18737400 0.000000001481049   0.00167603 0.000000001483422   0.00159973
 -0.18758800 0.000000001481049   0.00167577 0.000000001483422   0.00159939
 -0.18780200 0.000000001481049   0.00167603 0.000000001483422   0.00159956
 -0.18801600 0.000000001481047   0.00167717 0.000000001483422   0.00160062
 -0.18823000 0.000000001481047   0.00167739 0.000000001483422   0.00160075
 -0.18844400 0.000000001481047   0.00167764 0.000000001483421   0.00160092
 -0.18865800 0.000000001481067   0.00166401 0.000000001483421   0.00158720
 -0.18887200 0.000000001481066   0.00166454 0.000000001483421   0.00158764
 -0.18908600 0.000000001481068   0.00166355 0.000000001483421   0.00158657
 -0.18930000 0.000000001481067   0.00166387 0.000000001483421   0.00158680
 -0.18951400 0.000000001481065   0.00166503 0.000000001483421   0.00158787
 -0.18972800 0.000000001481065   0.00166526 0.000000001483421   0.00158802
 -0.18994200 0.000000001481065   0.00166558 0.000000001483421   0.00158826
 -0.19015600 0.000000001481072   0.00166032 0.000000001483420   0.00158291
 -0.19037000 0.000000001481072   0.00166071 0.000000001483420   0.00158322
 -0.19058400 0.000000001481072   0.00166069 0.000000001483420   0.00158311
 -0.19079800 0.000000001481073   0.00166001 0.000000001483420   0.00158234
 -0.19101200 0.000000001481072   0.00166059 0.000000001483420   0.00158284
 -0.19122600 0.000000001481072   0.00166035 0.000000001483420   0.00158251
 -0.19144000 0.000000001481068   0.00166328 0.000000001483420   0.00158536
 -0.19165400 0.000000001481068   0.00166318 0.000000001483420   0.00158517
 -0.19186800 0.000000001481057   0.00167074 0.000000001483419   0.00159265
 -0.19208200 0.000000001481056   0.00167131 0.000000001483419   0.00159314
 -0.19229600 0.000000001481064   0.00166613 0.000000001483419   0.00158787
 -0.19251000 0.000000001481064   0.00166616 0.000000001483419   0.00158781
 -0.19272400 0.000000001481065   0.00166496 0.000000001483419   0.00158653
 -0.19293800 0.000000001481065   0.00166540 0.000000001483419   0.00158689
 -0.19315200 0.000000001481061   0.00166809 0.000000001483419   0.00158949
 -0.19336600 0.000000001481060   0.00166861 0.000000001483419   0.00158992
 -0.19358000 0.000000001481059   0.00166904 0.000000001483418   0.00159027
 -0.19379400 0.000000001481038   0.00168324 0.000000001483418   0.00160438
 -0.19400800 0.000000001481038   0.00168331 0.000000001483418   0.00160437
 -0.19422200 0.000000001481038   0.00168345 0.000000001483418   0.00160443
 -0.19443600 0.000000001481039   0.00168285 0.000000001483418   0.00160374
 -0.19465000 0.000000001481040   0.00168217 0.000000001483418   0.00160297
 -0.19486400 0.000000001481041   0.00168148 0.000000001483418   0.00160220
 -0.19507800 0.000000001481041   0.00168172 0.000000001483418   0.00160235
 -0.19529200 0.000000001481038   0.00168319 0.000000001483417   0.00160374
 -0.19550600 0.000000001481031   0.00168828 0.000000001483417   0.00160874
 -0.19572000 0.000000001481016   0.00169859 0.000000001483417   0.00161897
 -0.19593400 0.000000001481016   0.00169796 0.000000001483417   0.00161825
 -0.19614800 0.000000001481015   0.00169890 0.000000001483417   0.00161910
 -0.19636200 0.000000001481014   0.00169938 0.000000001483417   0.00161950
 -0.19657600 0.000000001481025   0.00169235 0.000000001483417   0.00161238
 -0.19679000 0.000000001481024   0.00169316 0.000000001483417   0.00161311
 -0.19700400 0.000000001481011   0.00170138 0.000000001483416   0.00162124
 -0.19721800 0.000000001481040   0.00168234 0.000000001483416   0.00160212
 -0.19743200 0.000000001481054   0.00167268 0.000000001483416   0.00159237
 -0.19764600 0.000000001481055   0.00167219 0.000000001483416   0.00159180
 -0.19786000 0.000000001481055   0.00167193 0.000000001483416   0.00159145
 -0.19807400 0.000000001481056   0.00167119 0.000000001483416   0.00159063
 -0.19828800 0.000000001481054   0.00167258 0.000000001483416   0.00159194
 -0.19850200 0.000000001481059   0.00166960 0.000000001483415   0.00158887
 -0.19871600 0.000000001481062   0.00166759 0.000000001483415   0.00158677
 -0.19893000 0.000000001481061   0.00166791 0.000000001483415   0.00158701
 -0.19914400 0.000000001481052   0.00167417 0.000000001483415   0.00159319
 -0.19935800 0.000000001481050   0.00167503 0.000000001483415   0.00159396
 -0.19957200 0.000000001481050   0.00167535 0.000000001483415   0.00159419
 -0.19978600 0.000000001481049   0.00167612 0.000000001483415   0.00159488
 -0.20000000 0.000000001481049   0.00167579 0.000000001483415   0.00159446
