#================================================================
 #   Lip Height Numerical Energy  Relative Error Analytical Energy Analyt. Enrgy. Error
#================================================================
  0.01400000 0.000000001502183   0.01256963 0.000000001483544   0.01256372
  0.01388600 0.000000001501338   0.01199976 0.000000001483479   0.01203846
  0.01377200 0.000000001500797   0.01163530 0.000000001483412   0.01171933
  0.01365800 0.000000001500135   0.01118897 0.000000001483345   0.01131902
  0.01354400 0.000000001499467   0.01073858 0.000000001483276   0.01091542
  0.01343000 0.000000001498967   0.01040164 0.000000001483206   0.01062602
  0.01331600 0.000000001498750   0.01025550 0.000000001483135   0.01052828
  0.01320200 0.000000001498353   0.00998795 0.000000001483063   0.01030990
  0.01308800 0.000000001497817   0.00962675 0.000000001482989   0.00999868
  0.01297400 0.000000001497398   0.00934402 0.000000001482914   0.00976681
  0.01286000 0.000000001497079   0.00912908 0.000000001482838   0.00960363
  0.01274600 0.000000001496649   0.00883951 0.000000001482761   0.00936670
  0.01263200 0.000000001496446   0.00870253 0.000000001482682   0.00928338
  0.01251800 0.000000001496192   0.00853133 0.000000001482601   0.00916678
  0.01240400 0.000000001495915   0.00834457 0.000000001482519   0.00903560
  0.01229000 0.000000001495595   0.00812901 0.000000001482436   0.00887661
  0.01217600 0.000000001495255   0.00789972 0.000000001482351   0.00870493
  0.01206200 0.000000001495059   0.00776750 0.000000001482265   0.00863147
  0.01194800 0.000000001494785   0.00758270 0.000000001482177   0.00850648
  0.01183400 0.000000001494411   0.00733092 0.000000001482087   0.00831561
  0.01172000 0.000000001494208   0.00719432 0.000000001481995   0.00824118
  0.01160600 0.000000001494045   0.00708441 0.000000001481902   0.00819470
  0.01149200 0.000000001494250   0.00722202 0.000000001481806   0.00839728
  0.01137800 0.000000001494042   0.00708222 0.000000001481709   0.00832342
  0.01126400 0.000000001493833   0.00694129 0.000000001481610   0.00824976
  0.01115000 0.000000001493643   0.00681285 0.000000001481509   0.00818998
  0.01103600 0.000000001493467   0.00669460 0.000000001481406   0.00814181
  0.01092200 0.000000001493185   0.00650414 0.000000001481300   0.00802279
  0.01080800 0.000000001493011   0.00638732 0.000000001481193   0.00797900
  0.01069400 0.000000001492847   0.00627667 0.000000001481083   0.00794295
  0.01058000 0.000000001492745   0.00620760 0.000000001480971   0.00795016
  0.01046600 0.000000001492678   0.00616242 0.000000001480856   0.00798298
  0.01035200 0.000000001492498   0.00604108 0.000000001480739   0.00794120
  0.01023800 0.000000001492361   0.00594880 0.000000001480619   0.00793031
  0.01012400 0.000000001492218   0.00585292 0.000000001480496   0.00791764
  0.01001000 0.000000001492079   0.00575912 0.000000001480371   0.00790897
  0.00989600 0.000000001491945   0.00566863 0.000000001480243   0.00790556
  0.00978200 0.000000001491814   0.00558060 0.000000001480112   0.00790666
  0.00966800 0.000000001491598   0.00543436 0.000000001479977   0.00785151
  0.00955400 0.000000001491472   0.00534992 0.000000001479840   0.00786048
  0.00944000 0.000000001491353   0.00526983 0.000000001479699   0.00787607
  0.00932600 0.000000001491357   0.00527224 0.000000001479555   0.00797673
  0.00921200 0.000000001491243   0.00519569 0.000000001479407   0.00800067
  0.00909800 0.000000001491132   0.00512087 0.000000001479256   0.00802885
  0.00898400 0.000000001491140   0.00512590 0.000000001479100   0.00813976
  0.00887000 0.000000001491034   0.00505453 0.000000001478941   0.00817677
  0.00875600 0.000000001490724   0.00484579 0.000000001478778   0.00807881
  0.00864200 0.000000001490608   0.00476714 0.000000001478610   0.00811428
  0.00852800 0.000000001490819   0.00490944 0.000000001478438   0.00837452
  0.00841400 0.000000001490329   0.00457942 0.000000001478261   0.00816401
  0.00830000 0.000000001490615   0.00477223 0.000000001478079   0.00848151
  0.00818600 0.000000001490156   0.00446241 0.000000001477892   0.00829800
  0.00807200 0.000000001490424   0.00464302 0.000000001477700   0.00861041
  0.00795800 0.000000001490328   0.00457895 0.000000001477502   0.00868098
  0.00784400 0.000000001490233   0.00451439 0.000000001477299   0.00875498
  0.00773000 0.000000001490150   0.00445877 0.000000001477090   0.00884209
  0.00761600 0.000000001490104   0.00442753 0.000000001476874   0.00895797
  0.00750200 0.000000001490018   0.00436949 0.000000001476652   0.00905146
  0.00738800 0.000000001489931   0.00431119 0.000000001476423   0.00914938
  0.00727400 0.000000001489848   0.00425496 0.000000001476187   0.00925433
  0.00716000 0.000000001489788   0.00421491 0.000000001475943   0.00938070
  0.00704600 0.000000001489653   0.00412368 0.000000001475691   0.00946107
  0.00693200 0.000000001489650   0.00412135 0.000000001475432   0.00963651
  0.00681800 0.000000001489511   0.00402777 0.000000001475163   0.00972618
  0.00670400 0.000000001489435   0.00397665 0.000000001474885   0.00986484
  0.00659000 0.000000001489347   0.00391769 0.000000001474598   0.01000225
  0.00647600 0.000000001489276   0.00386922 0.000000001474301   0.01015719
  0.00636200 0.000000001489207   0.00382300 0.000000001473993   0.01032176
  0.00624800 0.000000001489144   0.00378052 0.000000001473674   0.01049786
  0.00613400 0.000000001489076   0.00373468 0.000000001473342   0.01067880
  0.00602000 0.000000001489007   0.00368852 0.000000001472999   0.01086809
  0.00590600 0.000000001489047   0.00371535 0.000000001472642   0.01114012
  0.00579200 0.000000001488982   0.00367110 0.000000001472271   0.01135029
  0.00567800 0.000000001488917   0.00362743 0.000000001471885   0.01157138
  0.00556400 0.000000001488853   0.00358470 0.000000001471483   0.01180441
  0.00545000 0.000000001488791   0.00354268 0.000000001471065   0.01204984
  0.00533600 0.000000001488729   0.00350093 0.000000001470629   0.01230798
  0.00522200 0.000000001488670   0.00346099 0.000000001470173   0.01258122
  0.00510800 0.000000001488611   0.00342097 0.000000001469698   0.01286856
  0.00499400 0.000000001488552   0.00338159 0.000000001469200   0.01317169
  0.00488000 0.000000001488492   0.00334128 0.000000001468680   0.01349012
  0.00476600 0.000000001488433   0.00330144 0.000000001468134   0.01382644
  0.00465200 0.000000001488378   0.00326395 0.000000001467562   0.01418386
  0.00453800 0.000000001488323   0.00322701 0.000000001466961   0.01456200
  0.00442400 0.000000001488271   0.00319178 0.000000001466329   0.01496360
  0.00431000 0.000000001488216   0.00315470 0.000000001465664   0.01538685
  0.00419600 0.000000001488164   0.00311967 0.000000001464962   0.01583760
  0.00408200 0.000000001488113   0.00308532 0.000000001464221   0.01631667
  0.00396800 0.000000001488063   0.00305206 0.000000001463438   0.01682691
  0.00385400 0.000000001488011   0.00301671 0.000000001462609   0.01736778
  0.00374000 0.000000001487964   0.00298518 0.000000001461728   0.01794837
  0.00362600 0.000000001487912   0.00295022 0.000000001460793   0.01856475
  0.00351200 0.000000001487866   0.00291912 0.000000001459797   0.01922824
  0.00339800 0.000000001487820   0.00288778 0.000000001458734   0.01993911
  0.00328400 0.000000001487773   0.00285612 0.000000001457597   0.02070236
  0.00317000 0.000000001487727   0.00282521 0.000000001456378   0.02152492
  0.00305600 0.000000001487681   0.00279415 0.000000001455069   0.02241256
  0.00294200 0.000000001487636   0.00276425 0.000000001453658   0.02337443
  0.00282800 0.000000001487564   0.00271581 0.000000001452133   0.02439946
  0.00271400 0.000000001487711   0.00281443 0.000000001450480   0.02566759
  0.00260000 0.000000001487479   0.00265794 0.000000001448683   0.02678010
  0.00248600 0.000000001487624   0.00275574 0.000000001446720   0.02827328
  0.00237200 0.000000001487583   0.00272834 0.000000001444569   0.02977639
  0.00225800 0.000000001487540   0.00269954 0.000000001442201   0.03143787
  0.00214400 0.000000001487530   0.00269229 0.000000001439580   0.03330776
  0.00203000 0.000000001487487   0.00266346 0.000000001436666   0.03537421
  0.00191600 0.000000001487445   0.00263554 0.000000001433405   0.03770102
  0.00180200 0.000000001487411   0.00261242 0.000000001429731   0.04034358
  0.00168800 0.000000001487043   0.00236416 0.000000001425560   0.04312851
  0.00157400 0.000000001487006   0.00233961 0.000000001420786   0.04660804
  0.00146000 0.000000001486967   0.00231289 0.000000001415267   0.05066195
  0.00134600 0.000000001486945   0.00229794 0.000000001408812   0.05545998
  0.00123200 0.000000001487234   0.00249279 0.000000001401163   0.06142824
  0.00111800 0.000000001486841   0.00222830 0.000000001391954   0.06816872
  0.00100400 0.000000001486854   0.00223686 0.000000001380653   0.07692070
  0.00089000 0.000000001486786   0.00219136 0.000000001366458   0.08805878
  0.00077600 0.000000001486747   0.00216503 0.000000001348092   0.10285324
  0.00066200 0.000000001487051   0.00236967 0.000000001323400   0.12365923
  0.00054800 0.000000001487007   0.00233973 0.000000001288436   0.15411769
  0.00043400 0.000000001486972   0.00231641 0.000000001235103   0.20392553
  0.00032000 0.000000001486934   0.00229098 0.000000001143770   0.30002849
  0.00020600 0.000000001486578   0.00205077 0.000000000951352   0.56259525
  0.00009200 0.000000001486569   0.00204453 0.000000000282070   4.27021331
 -0.00002200 0.000000001486907   0.00227242 0.000000006548981   0.77295602
 -0.00013600 0.000000001486791   0.00219417 0.000000002309600   0.35625615
 -0.00025000 0.000000001486844   0.00223048 0.000000001936534   0.23221361
 -0.00036400 0.000000001486808   0.00220603 0.000000001797147   0.17268405
 -0.00047800 0.000000001486775   0.00218352 0.000000001724245   0.13772436
 -0.00059200 0.000000001486735   0.00215639 0.000000001679421   0.11473378
 -0.00070600 0.000000001486410   0.00193760 0.000000001649072   0.09863863
 -0.00082000 0.000000001486386   0.00192143 0.000000001627162   0.08651623
 -0.00093400 0.000000001486350   0.00189723 0.000000001610600   0.07714517
 -0.00104800 0.000000001486315   0.00187388 0.000000001597641   0.06968146
 -0.00116200 0.000000001486289   0.00185594 0.000000001587225   0.06359308
 -0.00127600 0.000000001486263   0.00183882 0.000000001578670   0.05853473
 -0.00139000 0.000000001486234   0.00181888 0.000000001571519   0.05426914
 -0.00150400 0.000000001486206   0.00180000 0.000000001565451   0.05062147
 -0.00161800 0.000000001486175   0.00177944 0.000000001560239   0.04746928
 -0.00173200 0.000000001486148   0.00176126 0.000000001555712   0.04471520
 -0.00184600 0.000000001486120   0.00174240 0.000000001551745   0.04229085
 -0.00196000 0.000000001486289   0.00185625 0.000000001548239   0.04001311
 -0.00207400 0.000000001486067   0.00170668 0.000000001545119   0.03821796
 -0.00218800 0.000000001486040   0.00168822 0.000000001542323   0.03649258
 -0.00230200 0.000000001486014   0.00167098 0.000000001539805   0.03493330
 -0.00241600 0.000000001485992   0.00165585 0.000000001537524   0.03351629
 -0.00253000 0.000000001485968   0.00163980 0.000000001535449   0.03222551
 -0.00264400 0.000000001485942   0.00162184 0.000000001533552   0.03104618
 -0.00275800 0.000000001486089   0.00172095 0.000000001531813   0.02984981
 -0.00287200 0.000000001485891   0.00158803 0.000000001530211   0.02896333
 -0.00298600 0.000000001486030   0.00168135 0.000000001528732   0.02793318
 -0.00310000 0.000000001485836   0.00155085 0.000000001527362   0.02718774
 -0.00321400 0.000000001485814   0.00153606 0.000000001526088   0.02639050
 -0.00332800 0.000000001485790   0.00152002 0.000000001524902   0.02564887
 -0.00344200 0.000000001485766   0.00150384 0.000000001523795   0.02495649
 -0.00355600 0.000000001485744   0.00148870 0.000000001522759   0.02430757
 -0.00367000 0.000000001485810   0.00153295 0.000000001521786   0.02364119
 -0.00378400 0.000000001485786   0.00151715 0.000000001520873   0.02307015
 -0.00389800 0.000000001485764   0.00150249 0.000000001520013   0.02253167
 -0.00401200 0.000000001485785   0.00151650 0.000000001519202   0.02199604
 -0.00412600 0.000000001485723   0.00147427 0.000000001518435   0.02154367
 -0.00424000 0.000000001485697   0.00145736 0.000000001517710   0.02109267
 -0.00435400 0.000000001485674   0.00144181 0.000000001517023   0.02066442
 -0.00446800 0.000000001485721   0.00147302 0.000000001516371   0.02021269
 -0.00458200 0.000000001485700   0.00145874 0.000000001515751   0.01982608
 -0.00469600 0.000000001485676   0.00144318 0.000000001515161   0.01945986
 -0.00481000 0.000000001485653   0.00142744 0.000000001514600   0.01911164
 -0.00492400 0.000000001485632   0.00141289 0.000000001514064   0.01877885
 -0.00503800 0.000000001485609   0.00139796 0.000000001513552   0.01846191
 -0.00515200 0.000000001485586   0.00138251 0.000000001513064   0.01815994
 -0.00526600 0.000000001485547   0.00135579 0.000000001512596   0.01788258
 -0.00538000 0.000000001485543   0.00135309 0.000000001512148   0.01759435
 -0.00549400 0.000000001485522   0.00133894 0.000000001511719   0.01732926
 -0.00560800 0.000000001485488   0.00131645 0.000000001511307   0.01708356
 -0.00572200 0.000000001485462   0.00129864 0.000000001510912   0.01684381
 -0.00583600 0.000000001485458   0.00129569 0.000000001510532   0.01659938
 -0.00595000 0.000000001485437   0.00128200 0.000000001510166   0.01637487
 -0.00606400 0.000000001485412   0.00126506 0.000000001509814   0.01616239
 -0.00617800 0.000000001485394   0.00125299 0.000000001509476   0.01595348
 -0.00629200 0.000000001485373   0.00123855 0.000000001509149   0.01575481
 -0.00640600 0.000000001485353   0.00122520 0.000000001508834   0.01556256
 -0.00652000 0.000000001485160   0.00109499 0.000000001508531   0.01549234
 -0.00663400 0.000000001485353   0.00122482 0.000000001508237   0.01517312
 -0.00674800 0.000000001485125   0.00107154 0.000000001507954   0.01513877
 -0.00686200 0.000000001485257   0.00116073 0.000000001507680   0.01487197
 -0.00697600 0.000000001485293   0.00118465 0.000000001507414   0.01467517
 -0.00709000 0.000000001485218   0.00113407 0.000000001507158   0.01455720
 -0.00720400 0.000000001485216   0.00113267 0.000000001506909   0.01439608
 -0.00731800 0.000000001485196   0.00111924 0.000000001506669   0.01425182
 -0.00743200 0.000000001485180   0.00110837 0.000000001506435   0.01410982
 -0.00754600 0.000000001485194   0.00111783 0.000000001506209   0.01395237
 -0.00766000 0.000000001484988   0.00097928 0.000000001505989   0.01394508
 -0.00777400 0.000000001485123   0.00106987 0.000000001505776   0.01371624
 -0.00788800 0.000000001484948   0.00095220 0.000000001505569   0.01369659
 -0.00800200 0.000000001484949   0.00095308 0.000000001505368   0.01356396
 -0.00811600 0.000000001484932   0.00094123 0.000000001505173   0.01344755
 -0.00823000 0.000000001484914   0.00092941 0.000000001504983   0.01333462
 -0.00834400 0.000000001484897   0.00091793 0.000000001504798   0.01322473
 -0.00845800 0.000000001484880   0.00090642 0.000000001504618   0.01311811
 -0.00857200 0.000000001484863   0.00089479 0.000000001504443   0.01301472
 -0.00868600 0.000000001484846   0.00088351 0.000000001504272   0.01291398
 -0.00880000 0.000000001484820   0.00086597 0.000000001504106   0.01282228
 -0.00891400 0.000000001485144   0.00108431 0.000000001503944   0.01250067
 -0.00902800 0.000000001485125   0.00107119 0.000000001503787   0.01241001
 -0.00914200 0.000000001485188   0.00111366 0.000000001503633   0.01226707
 -0.00925600 0.000000001484725   0.00080183 0.000000001503483   0.01247619
 -0.00937000 0.000000001485070   0.00103442 0.000000001503336   0.01215050
 -0.00948400 0.000000001485054   0.00102329 0.000000001503193   0.01206759
 -0.00959800 0.000000001485036   0.00101158 0.000000001503054   0.01198746
 -0.00971200 0.000000001485025   0.00100397 0.000000001502918   0.01190542
 -0.00982600 0.000000001485009   0.00099309 0.000000001502785   0.01182867
 -0.00994000 0.000000001484703   0.00078673 0.000000001502655   0.01194691
 -0.01005400 0.000000001484690   0.00077812 0.000000001502528   0.01187185
 -0.01016800 0.000000001484670   0.00076488 0.000000001502403   0.01180323
 -0.01028200 0.000000001484656   0.00075563 0.000000001502282   0.01173246
 -0.01039600 0.000000001484641   0.00074515 0.000000001502163   0.01166464
 -0.01051000 0.000000001484626   0.00073507 0.000000001502047   0.01159812
 -0.01062400 0.000000001484613   0.00072650 0.000000001501933   0.01153172
 -0.01073800 0.000000001484597   0.00071524 0.000000001501822   0.01146958
 -0.01085200 0.000000001484581   0.00070477 0.000000001501713   0.01140817
 -0.01096600 0.000000001484566   0.00069454 0.000000001501606   0.01134801
 -0.01108000 0.000000001484595   0.00071427 0.000000001501502   0.01125968
 -0.01119400 0.000000001484581   0.00070496 0.000000001501399   0.01120143
 -0.01130800 0.000000001484846   0.00088336 0.000000001501299   0.01095905
 -0.01142200 0.000000001484570   0.00069740 0.000000001501200   0.01107803
 -0.01153600 0.000000001484537   0.00067499 0.000000001501104   0.01103665
 -0.01165000 0.000000001484523   0.00066537 0.000000001501009   0.01098388
 -0.01176400 0.000000001484509   0.00065626 0.000000001500917   0.01093181
 -0.01187800 0.000000001484494   0.00064634 0.000000001500826   0.01088170
 -0.01199200 0.000000001484752   0.00081995 0.000000001500737   0.01065129
 -0.01210600 0.000000001484466   0.00062724 0.000000001500649   0.01078410
 -0.01222000 0.000000001484473   0.00063175 0.000000001500563   0.01072303
 -0.01233400 0.000000001484457   0.00062088 0.000000001500479   0.01067819
 -0.01244800 0.000000001484652   0.00075279 0.000000001500396   0.01049320
 -0.01256200 0.000000001484449   0.00061585 0.000000001500315   0.01057501
 -0.01267600 0.000000001484435   0.00060658 0.000000001500235   0.01053154
 -0.01279000 0.000000001484421   0.00059699 0.000000001500157   0.01048933
 -0.01290400 0.000000001484408   0.00058843 0.000000001500080   0.01044700
 -0.01301800 0.000000001484393   0.00057786 0.000000001500004   0.01040755
 -0.01313200 0.000000001484761   0.00082606 0.000000001499930   0.01011301
 -0.01324600 0.000000001484353   0.00055140 0.000000001499857   0.01033646
 -0.01336000 0.000000001484341   0.00054328 0.000000001499785   0.01029710
 -0.01347400 0.000000001484328   0.00053390 0.000000001499714   0.01025978
 -0.01358800 0.000000001484314   0.00052450 0.000000001499645   0.01022326
 -0.01370200 0.000000001484301   0.00051572 0.000000001499577   0.01018688
 -0.01381600 0.000000001484288   0.00050728 0.000000001499509   0.01015091
 -0.01393000 0.000000001484274   0.00049760 0.000000001499443   0.01011689
 -0.01404400 0.000000001484640   0.00074487 0.000000001499378   0.00982933
 -0.01415800 0.000000001484246   0.00047924 0.000000001499314   0.01004994
 -0.01427200 0.000000001484232   0.00046949 0.000000001499252   0.01001804
 -0.01438600 0.000000001484220   0.00046134 0.000000001499190   0.00998521
 -0.01450000 0.000000001484207   0.00045251 0.000000001499129   0.00995370
 -0.01461400 0.000000001484193   0.00044353 0.000000001499069   0.00992295
 -0.01472800 0.000000001484181   0.00043547 0.000000001499010   0.00989191
 -0.01484200 0.000000001484540   0.00067745 0.000000001498951   0.00961400
 -0.01495600 0.000000001484156   0.00041862 0.000000001498894   0.00983232
 -0.01507000 0.000000001484363   0.00055766 0.000000001498838   0.00965742
 -0.01518400 0.000000001484351   0.00054998 0.000000001498782   0.00962831
 -0.01529800 0.000000001484337   0.00054005 0.000000001498727   0.00960196
 -0.01541200 0.000000001484107   0.00038518 0.000000001498673   0.00971961
 -0.01552600 0.000000001484310   0.00052218 0.000000001498620   0.00954887
 -0.01564000 0.000000001484297   0.00051352 0.000000001498568   0.00952282
 -0.01575400 0.000000001484284   0.00050436 0.000000001498516   0.00949777
 -0.01586800 0.000000001484272   0.00049664 0.000000001498465   0.00947177
 -0.01598200 0.000000001484405   0.00058601 0.000000001498415   0.00935013
 -0.01609600 0.000000001484030   0.00033336 0.000000001498366   0.00956758
 -0.01621000 0.000000001484020   0.00032681 0.000000001498317   0.00954183
 -0.01632400 0.000000001484009   0.00031892 0.000000001498269   0.00951786
 -0.01643800 0.000000001483998   0.00031206 0.000000001498221   0.00949331
 -0.01655200 0.000000001483989   0.00030553 0.000000001498175   0.00946886
 -0.01666600 0.000000001483973   0.00029524 0.000000001498129   0.00944855
 -0.01678000 0.000000001483962   0.00028737 0.000000001498083   0.00942626
 -0.01689400 0.000000001483953   0.00028121 0.000000001498038   0.00940268
 -0.01700800 0.000000001483939   0.00027226 0.000000001497994   0.00938225
 -0.01712200 0.000000001483928   0.00026428 0.000000001497950   0.00936125
 -0.01723600 0.000000001483919   0.00025839 0.000000001497907   0.00933857
 -0.01735000 0.000000001483908   0.00025132 0.000000001497865   0.00931741
 -0.01746400 0.000000001483898   0.00024409 0.000000001497823   0.00929680
 -0.01757800 0.000000001483888   0.00023760 0.000000001497781   0.00927580
 -0.01769200 0.000000001483880   0.00023210 0.000000001497740   0.00925417
 -0.01780600 0.000000001483869   0.00022477 0.000000001497700   0.00923469
 -0.01792000 0.000000001483897   0.00024388 0.000000001497660   0.00918937
 -0.01803400 0.000000001483888   0.00023787 0.000000001497620   0.00916926
 -0.01814800 0.000000001483877   0.00023054 0.000000001497582   0.00915079
 -0.01826200 0.000000001483831   0.00019900 0.000000001497543   0.00915661
 -0.01837600 0.000000001483821   0.00019274 0.000000001497505   0.00913771
 -0.01849000 0.000000001483812   0.00018643 0.000000001497468   0.00911916
 -0.01860400 0.000000001483804   0.00018115 0.000000001497431   0.00909990
 -0.01871800 0.000000001483795   0.00017483 0.000000001497394   0.00908196
 -0.01883200 0.000000001483786   0.00016864 0.000000001497358   0.00906418
 -0.01894600 0.000000001483753   0.00014667 0.000000001497322   0.00906233
 -0.01906000 0.000000001483766   0.00015561 0.000000001497287   0.00903013
 -0.01917400 0.000000001483733   0.00013333 0.000000001497252   0.00902913
 -0.01928800 0.000000001483744   0.00014043 0.000000001497218   0.00899930
 -0.01940200 0.000000001483735   0.00013437 0.000000001497184   0.00898277
 -0.01951600 0.000000001483726   0.00012827 0.000000001497150   0.00896654
 -0.01963000 0.000000001483719   0.00012359 0.000000001497117   0.00894918
 -0.01974400 0.000000001483687   0.00010200 0.000000001497084   0.00894880
 -0.01985800 0.000000001483678   0.00009604 0.000000001497051   0.00893320
 -0.01997200 0.000000001483691   0.00010478 0.000000001497019   0.00890327
 -0.02008600 0.000000001483682   0.00009884 0.000000001496987   0.00888813
 -0.02020000 0.000000001483649   0.00007642 0.000000001496956   0.00888955
 -0.02031400 0.000000001483682   0.00009876 0.000000001496925   0.00884685
 -0.02042800 0.000000001483672   0.00009222 0.000000001496894   0.00883300
 -0.02054200 0.000000001483664   0.00008642 0.000000001496864   0.00881863
 -0.02065600 0.000000001483629   0.00006319 0.000000001496834   0.00882176
 -0.02077000 0.000000001483617   0.00005507 0.000000001496804   0.00881014
 -0.02088400 0.000000001483608   0.00004875 0.000000001496775   0.00879694
 -0.02099800 0.000000001483599   0.00004315 0.000000001496746   0.00878324
 -0.02111200 0.000000001483591   0.00003737 0.000000001496717   0.00876992
 -0.02122600 0.000000001483582   0.00003118 0.000000001496689   0.00875722
 -0.02134000 0.000000001483562   0.00001821 0.000000001496660   0.00875143
 -0.02145400 0.000000001483565   0.00001978 0.000000001496633   0.00873143
 -0.02156800 0.000000001483552   0.00001111 0.000000001496605   0.00872177
 -0.02168200 0.000000001483727   0.00012902 0.000000001496578   0.00858682
 -0.02179600 0.000000001483510   0.00001684 0.000000001496551   0.00871354
 -0.02191000 0.000000001483708   0.00011600 0.000000001496524   0.00856416
 -0.02202400 0.000000001483698   0.00010979 0.000000001496498   0.00855281
 -0.02213800 0.000000001483690   0.00010411 0.000000001496471   0.00854111
 -0.02225200 0.000000001483679   0.00009699 0.000000001496446   0.00853102
 -0.02236600 0.000000001483671   0.00009105 0.000000001496420   0.00851992
 -0.02248000 0.000000001483663   0.00008615 0.000000001496395   0.00850797
 -0.02259400 0.000000001483654   0.00007961 0.000000001496369   0.00849781
 -0.02270800 0.000000001483645   0.00007377 0.000000001496345   0.00848712
 -0.02282200 0.000000001483636   0.00006790 0.000000001496320   0.00847663
 -0.02293600 0.000000001483628   0.00006254 0.000000001496296   0.00846578
 -0.02305000 0.000000001483620   0.00005682 0.000000001496271   0.00845546
 -0.02316400 0.000000001483611   0.00005105 0.000000001496248   0.00844534
 -0.02327800 0.000000001483603   0.00004523 0.000000001496224   0.00843543
 -0.02339200 0.000000001483592   0.00003830 0.000000001496200   0.00842676
 -0.02350600 0.000000001483584   0.00003278 0.000000001496177   0.00841686
 -0.02362000 0.000000001483377   0.00010674 0.000000001496154   0.00853996
 -0.02373400 0.000000001483568   0.00002167 0.000000001496131   0.00839754
 -0.02384800 0.000000001483559   0.00001580 0.000000001496109   0.00838841
 -0.02396200 0.000000001483551   0.00001024 0.000000001496087   0.00837911
 -0.02407600 0.000000001483543   0.00000506 0.000000001496064   0.00836958
 -0.02419000 0.000000001483536   0.00000046 0.000000001496042   0.00835962
 -0.02430400 0.000000001483528   0.00000496 0.000000001496021   0.00835059
 -0.02441800 0.000000001483521   0.00000963 0.000000001495999   0.00834096
 -0.02453200 0.000000001483513   0.00001502 0.000000001495978   0.00833217
 -0.02464600 0.000000001483505   0.00002033 0.000000001495957   0.00832343
 -0.02476000 0.000000001483497   0.00002579 0.000000001495936   0.00831497
 -0.02487400 0.000000001483489   0.00003102 0.000000001495915   0.00830641
 -0.02498800 0.000000001483482   0.00003636 0.000000001495895   0.00829808
 -0.02510200 0.000000001483473   0.00004178 0.000000001495874   0.00828995
 -0.02521600 0.000000001483466   0.00004703 0.000000001495854   0.00828178
 -0.02533000 0.000000001483457   0.00005271 0.000000001495834   0.00827415
 -0.02544400 0.000000001483449   0.00005795 0.000000001495814   0.00826620
 -0.02555800 0.000000001483257   0.00018802 0.000000001495795   0.00838218
 -0.02567200 0.000000001483435   0.00006742 0.000000001495775   0.00824965
 -0.02578600 0.000000001483428   0.00007256 0.000000001495756   0.00824195
 -0.02590000 0.000000001483420   0.00007751 0.000000001495737   0.00823417
 -0.02601400 0.000000001483413   0.00008233 0.000000001495718   0.00822637
 -0.02612800 0.000000001483220   0.00021273 0.000000001495699   0.00834325
 -0.02624200 0.000000001483509   0.00001760 0.000000001495680   0.00813734
 -0.02635600 0.000000001483500   0.00002404 0.000000001495662   0.00813147
 -0.02647000 0.000000001483492   0.00002944 0.000000001495643   0.00812466
 -0.02658400 0.000000001483491   0.00002999 0.000000001495625   0.00811316
 -0.02669800 0.000000001483485   0.00003382 0.000000001495607   0.00810502
 -0.02681200 0.000000001483477   0.00003945 0.000000001495589   0.00809875
 -0.02692600 0.000000001483468   0.00004539 0.000000001495572   0.00809289
 -0.02704000 0.000000001483461   0.00005026 0.000000001495554   0.00808607
 -0.02715400 0.000000001483203   0.00022416 0.000000001495537   0.00824702
 -0.02726800 0.000000001483455   0.00005410 0.000000001495519   0.00806687
 -0.02738200 0.000000001483447   0.00005929 0.000000001495502   0.00806065
 -0.02749600 0.000000001483440   0.00006402 0.000000001495485   0.00805408
 -0.02761000 0.000000001483433   0.00006935 0.000000001495468   0.00804818
 -0.02772400 0.000000001483426   0.00007372 0.000000001495452   0.00804143
 -0.02783800 0.000000001483421   0.00007738 0.000000001495435   0.00803406
 -0.02795200 0.000000001483413   0.00008225 0.000000001495419   0.00802798
 -0.02806600 0.000000001483405   0.00008767 0.000000001495402   0.00802254
 -0.02818000 0.000000001483400   0.00009138 0.000000001495386   0.00801549
 -0.02829400 0.000000001483424   0.00007531 0.000000001495370   0.00798890
 -0.02840800 0.000000001483379   0.00010559 0.000000001495354   0.00800837
 -0.02852200 0.000000001483372   0.00010991 0.000000001495338   0.00800218
 -0.02863600 0.000000001483366   0.00011453 0.000000001495323   0.00799636
 -0.02875000 0.000000001483066   0.00031675 0.000000001495307   0.00818667
 -0.02886400 0.000000001483532   0.00000229 0.000000001495292   0.00786445
 -0.02897800 0.000000001483525   0.00000723 0.000000001495276   0.00785919
 -0.02909200 0.000000001483516   0.00001306 0.000000001495261   0.00785490
 -0.02920600 0.000000001483538   0.00000188 0.000000001495246   0.00783008
 -0.02932000 0.000000001483503   0.00002207 0.000000001495231   0.00784391
 -0.02943400 0.000000001483495   0.00002704 0.000000001495216   0.00783899
 -0.02954800 0.000000001483489   0.00003149 0.000000001495202   0.00783363
 -0.02966200 0.000000001483482   0.00003590 0.000000001495187   0.00782831
 -0.02977600 0.000000001483476   0.00003986 0.000000001495172   0.00782261
 -0.02989000 0.000000001483467   0.00004616 0.000000001495158   0.00781931
 -0.03000400 0.000000001483486   0.00003325 0.000000001495144   0.00779702
 -0.03011800 0.000000001483456   0.00005345 0.000000001495130   0.00780765
 -0.03023200 0.000000001483015   0.00035061 0.000000001495116   0.00809317
 -0.03034600 0.000000001483300   0.00015843 0.000000001495102   0.00789320
 -0.03046000 0.000000001483296   0.00016164 0.000000001495088   0.00788719
 -0.03057400 0.000000001483289   0.00016596 0.000000001495074   0.00788234
 -0.03068800 0.000000001483283   0.00017021 0.000000001495060   0.00787749
 -0.03080200 0.000000001483276   0.00017472 0.000000001495047   0.00787297
 -0.03091600 0.000000001483293   0.00016367 0.000000001495033   0.00785307
 -0.03103000 0.000000001483264   0.00018265 0.000000001495020   0.00786303
 -0.03114400 0.000000001483255   0.00018919 0.000000001495007   0.00786071
 -0.03125800 0.000000001483246   0.00019478 0.000000001494993   0.00785752
 -0.03137200 0.000000001483241   0.00019866 0.000000001494980   0.00785268
 -0.03148600 0.000000001483240   0.00019893 0.000000001494967   0.00784434
 -0.03160000 0.000000001483235   0.00020249 0.000000001494954   0.00783931
 -0.03171400 0.000000001483227   0.00020781 0.000000001494942   0.00783610
 -0.03182800 0.000000001483220   0.00021297 0.000000001494929   0.00783278
 -0.03194200 0.000000001483213   0.00021703 0.000000001494916   0.00782844
 -0.03205600 0.000000001483208   0.00022100 0.000000001494904   0.00782405
 -0.03217000 0.000000001483201   0.00022514 0.000000001494891   0.00781991
 -0.03228400 0.000000001483196   0.00022910 0.000000001494879   0.00781564
 -0.03239800 0.000000001483190   0.00023310 0.000000001494867   0.00781146
 -0.03251200 0.000000001483184   0.00023678 0.000000001494855   0.00780702
 -0.03262600 0.000000001483178   0.00024075 0.000000001494842   0.00780293
 -0.03274000 0.000000001482909   0.00042230 0.000000001494830   0.00797513
 -0.03285400 0.000000001482945   0.00039830 0.000000001494818   0.00794339
 -0.03296800 0.000000001482938   0.00040242 0.000000001494807   0.00793961
 -0.03308200 0.000000001482931   0.00040734 0.000000001494795   0.00793668
 -0.03319600 0.000000001482927   0.00041034 0.000000001494783   0.00793189
 -0.03331000 0.000000001482921   0.00041417 0.000000001494772   0.00792798
 -0.03342400 0.000000001483150   0.00025987 0.000000001494760   0.00776719
 -0.03353800 0.000000001483144   0.00026362 0.000000001494749   0.00776330
 -0.03365200 0.000000001482904   0.00042592 0.000000001494737   0.00791682
 -0.03376600 0.000000001482899   0.00042908 0.000000001494726   0.00791246
 -0.03388000 0.000000001483128   0.00027493 0.000000001494715   0.00775200
 -0.03399400 0.000000001482886   0.00043801 0.000000001494703   0.00790646
 -0.03410800 0.000000001482877   0.00044386 0.000000001494692   0.00790491
 -0.03422200 0.000000001482872   0.00044737 0.000000001494681   0.00790109
 -0.03433600 0.000000001483106   0.00028939 0.000000001494670   0.00773702
 -0.03445000 0.000000001482862   0.00045420 0.000000001494660   0.00789338
 -0.03456400 0.000000001482911   0.00042073 0.000000001494649   0.00785300
 -0.03467800 0.000000001482905   0.00042472 0.000000001494638   0.00784984
 -0.03479200 0.000000001482900   0.00042812 0.000000001494627   0.00784614
 -0.03490600 0.000000001482896   0.00043135 0.000000001494617   0.00784232
 -0.03502000 0.000000001482891   0.00043468 0.000000001494606   0.00783864
 -0.03513400 0.000000001482885   0.00043843 0.000000001494596   0.00783542
 -0.03524800 0.000000001482873   0.00044685 0.000000001494585   0.00783688
 -0.03536200 0.000000001482867   0.00045060 0.000000001494575   0.00783376
 -0.03547600 0.000000001483051   0.00032654 0.000000001494565   0.00770380
 -0.03559000 0.000000001482852   0.00046086 0.000000001494555   0.00783037
 -0.03570400 0.000000001482847   0.00046411 0.000000001494545   0.00782687
 -0.03581800 0.000000001482764   0.00052003 0.000000001494534   0.00787569
 -0.03593200 0.000000001482852   0.00046067 0.000000001494524   0.00781013
 -0.03604600 0.000000001482846   0.00046468 0.000000001494515   0.00780751
 -0.03616000 0.000000001482809   0.00048991 0.000000001494505   0.00782601
 -0.03627400 0.000000001482802   0.00049429 0.000000001494495   0.00782384
 -0.03638800 0.000000001482798   0.00049735 0.000000001494485   0.00782040
 -0.03650200 0.000000001482792   0.00050116 0.000000001494475   0.00781775
 -0.03661600 0.000000001482980   0.00037435 0.000000001494466   0.00768547
 -0.03673000 0.000000001482781   0.00050878 0.000000001494456   0.00781256
 -0.03684400 0.000000001482775   0.00051237 0.000000001494447   0.00780980
 -0.03695800 0.000000001482771   0.00051513 0.000000001494437   0.00780626
 -0.03707200 0.000000001482961   0.00038741 0.000000001494428   0.00767322
 -0.03718600 0.000000001482761   0.00052194 0.000000001494418   0.00780058
 -0.03730000 0.000000001482673   0.00058115 0.000000001494409   0.00785319
 -0.03741400 0.000000001482668   0.00058461 0.000000001494400   0.00785049
 -0.03752800 0.000000001482663   0.00058820 0.000000001494391   0.00784796
 -0.03764200 0.000000001482658   0.00059123 0.000000001494382   0.00784491
 -0.03775600 0.000000001482654   0.00059435 0.000000001494373   0.00784198
 -0.03787000 0.000000001482648   0.00059800 0.000000001494364   0.00783962
 -0.03798400 0.000000001482920   0.00041462 0.000000001494355   0.00765162
 -0.03809800 0.000000001482909   0.00042231 0.000000001494346   0.00765334
 -0.03821200 0.000000001482585   0.00064034 0.000000001494337   0.00786391
 -0.03832600 0.000000001482626   0.00061292 0.000000001494328   0.00783085
 -0.03844000 0.000000001482621   0.00061668 0.000000001494319   0.00782876
 -0.03855400 0.000000001482617   0.00061934 0.000000001494311   0.00782563
 -0.03866800 0.000000001482613   0.00062198 0.000000001494302   0.00782249
 -0.03878200 0.000000001482608   0.00062543 0.000000001494293   0.00782022
 -0.03889600 0.000000001482550   0.00066433 0.000000001494285   0.00785315
 -0.03901000 0.000000001482597   0.00063255 0.000000001494276   0.00781596
 -0.03912400 0.000000001482592   0.00063585 0.000000001494268   0.00781362
 -0.03923800 0.000000001482588   0.00063868 0.000000001494259   0.00781085
 -0.03935200 0.000000001482583   0.00064183 0.000000001494251   0.00780842
 -0.03946600 0.000000001482579   0.00064465 0.000000001494243   0.00780570
 -0.03958000 0.000000001482564   0.00065458 0.000000001494234   0.00781007
 -0.03969400 0.000000001482569   0.00065139 0.000000001494226   0.00780145
 -0.03980800 0.000000001482566   0.00065355 0.000000001494218   0.00779817
 -0.03992200 0.000000001482561   0.00065667 0.000000001494210   0.00779587
 -0.04003600 0.000000001482578   0.00064516 0.000000001494202   0.00777908
 -0.04015000 0.000000001482579   0.00064478 0.000000001494194   0.00777336
 -0.04026400 0.000000001482577   0.00064613 0.000000001494186   0.00776939
 -0.04037800 0.000000001482567   0.00065277 0.000000001494178   0.00777072
 -0.04049200 0.000000001482563   0.00065521 0.000000001494170   0.00776789
 -0.04060600 0.000000001482558   0.00065854 0.000000001494162   0.00776597
 -0.04072000 0.000000001482554   0.00066144 0.000000001494154   0.00776367
 -0.04083400 0.000000001482550   0.00066421 0.000000001494147   0.00776126
 -0.04094800 0.000000001482547   0.00066652 0.000000001494139   0.00775842
 -0.04106200 0.000000001482542   0.00066945 0.000000001494131   0.00775622
 -0.04117600 0.000000001482538   0.00067209 0.000000001494123   0.00775376
 -0.04129000 0.000000001482534   0.00067524 0.000000001494116   0.00775183
 -0.04140400 0.000000001482530   0.00067798 0.000000001494108   0.00774953
 -0.04151800 0.000000001482526   0.00068015 0.000000001494101   0.00774670
 -0.04163200 0.000000001482523   0.00068236 0.000000001494093   0.00774392
 -0.04174600 0.000000001482419   0.00075245 0.000000001494086   0.00780857
 -0.04186000 0.000000001482415   0.00075526 0.000000001494078   0.00780644
 -0.04197400 0.000000001482410   0.00075858 0.000000001494071   0.00780484
 -0.04208800 0.000000001482406   0.00076122 0.000000001494064   0.00780260
 -0.04220200 0.000000001482402   0.00076402 0.000000001494056   0.00780055
 -0.04231600 0.000000001482416   0.00075427 0.000000001494049   0.00778605
 -0.04243000 0.000000001482412   0.00075699 0.000000001494042   0.00778397
 -0.04254400 0.000000001482408   0.00075978 0.000000001494035   0.00778198
 -0.04265800 0.000000001482404   0.00076240 0.000000001494028   0.00777984
 -0.04277200 0.000000001482400   0.00076547 0.000000001494021   0.00777818
 -0.04288600 0.000000001482405   0.00076189 0.000000001494014   0.00776994
 -0.04300000 0.000000001482401   0.00076450 0.000000001494007   0.00776786
 -0.04311400 0.000000001482397   0.00076755 0.000000001494000   0.00776625
 -0.04322800 0.000000001482392   0.00077055 0.000000001493993   0.00776461
 -0.04334200 0.000000001482389   0.00077286 0.000000001493986   0.00776231
 -0.04345600 0.000000001482342   0.00080420 0.000000001493979   0.00778886
 -0.04357000 0.000000001482340   0.00080615 0.000000001493972   0.00778625
 -0.04368400 0.000000001482379   0.00077977 0.000000001493965   0.00775554
 -0.04379800 0.000000001482375   0.00078233 0.000000001493958   0.00775358
 -0.04391200 0.000000001482447   0.00073376 0.000000001493952   0.00770088
 -0.04402600 0.000000001482442   0.00073697 0.000000001493945   0.00769961
 -0.04414000 0.000000001482438   0.00073975 0.000000001493938   0.00769794
 -0.04425400 0.000000001482433   0.00074289 0.000000001493932   0.00769665
 -0.04436800 0.000000001482430   0.00074545 0.000000001493925   0.00769480
 -0.04448200 0.000000001482426   0.00074799 0.000000001493918   0.00769296
 -0.04459600 0.000000001482421   0.00075144 0.000000001493912   0.00769205
 -0.04471000 0.000000001482413   0.00075681 0.000000001493905   0.00769305
 -0.04482400 0.000000001482409   0.00075949 0.000000001493899   0.00769141
 -0.04493800 0.000000001482407   0.00076083 0.000000001493892   0.00768847
 -0.04505200 0.000000001482404   0.00076257 0.000000001493886   0.00768593
 -0.04516600 0.000000001482400   0.00076532 0.000000001493880   0.00768443
 -0.04528000 0.000000001482397   0.00076757 0.000000001493873   0.00768245
 -0.04539400 0.000000001482393   0.00077030 0.000000001493867   0.00768097
 -0.04550800 0.000000001482389   0.00077271 0.000000001493861   0.00767918
 -0.04562200 0.000000001482385   0.00077526 0.000000001493854   0.00767757
 -0.04573600 0.000000001482382   0.00077781 0.000000001493848   0.00767597
 -0.04585000 0.000000001482378   0.00078049 0.000000001493842   0.00767451
 -0.04596400 0.000000001482375   0.00078231 0.000000001493836   0.00767223
 -0.04607800 0.000000001482371   0.00078493 0.000000001493830   0.00767075
 -0.04619200 0.000000001482368   0.00078711 0.000000001493824   0.00766886
 -0.04630600 0.000000001482363   0.00079003 0.000000001493818   0.00766773
 -0.04642000 0.000000001482361   0.00079196 0.000000001493812   0.00766563
 -0.04653400 0.000000001482357   0.00079467 0.000000001493806   0.00766432
 -0.04664800 0.000000001482353   0.00079703 0.000000001493800   0.00766269
 -0.04676200 0.000000001482310   0.00082591 0.000000001493794   0.00768741
 -0.04687600 0.000000001482326   0.00081525 0.000000001493788   0.00767289
 -0.04699000 0.000000001482322   0.00081772 0.000000001493782   0.00767142
 -0.04710400 0.000000001482319   0.00082025 0.000000001493776   0.00767003
 -0.04721800 0.000000001482315   0.00082259 0.000000001493770   0.00766846
 -0.04733200 0.000000001482311   0.00082518 0.000000001493764   0.00766717
 -0.04744600 0.000000001482299   0.00083323 0.000000001493758   0.00767132
 -0.04756000 0.000000001482296   0.00083533 0.000000001493753   0.00766957
 -0.04767400 0.000000001482293   0.00083773 0.000000001493747   0.00766815
 -0.04778800 0.000000001482289   0.00084031 0.000000001493741   0.00766691
 -0.04790200 0.000000001482286   0.00084219 0.000000001493736   0.00766500
 -0.04801600 0.000000001482282   0.00084506 0.000000001493730   0.00766409
 -0.04813000 0.000000001482278   0.00084772 0.000000001493724   0.00766299
 -0.04824400 0.000000001482285   0.00084305 0.000000001493719   0.00765463
 -0.04835800 0.000000001482281   0.00084550 0.000000001493713   0.00765335
 -0.04847200 0.000000001482277   0.00084824 0.000000001493707   0.00765239
 -0.04858600 0.000000001482275   0.00084982 0.000000001493702   0.00765028
 -0.04870000 0.000000001482272   0.00085193 0.000000001493696   0.00764872
 -0.04881400 0.000000001482268   0.00085423 0.000000001493691   0.00764737
 -0.04892800 0.000000001482264   0.00085681 0.000000001493686   0.00764631
 -0.04904200 0.000000001482261   0.00085898 0.000000001493680   0.00764485
 -0.04915600 0.000000001482258   0.00086134 0.000000001493675   0.00764360
 -0.04927000 0.000000001482232   0.00087874 0.000000001493669   0.00765731
 -0.04938400 0.000000001482251   0.00086596 0.000000001493664   0.00764105
 -0.04949800 0.000000001482247   0.00086832 0.000000001493659   0.00763986
 -0.04961200 0.000000001482244   0.00087044 0.000000001493653   0.00763844
 -0.04972600 0.000000001482241   0.00087223 0.000000001493648   0.00763671
 -0.04984000 0.000000001482227   0.00088211 0.000000001493643   0.00764302
 -0.04995400 0.000000001482224   0.00088373 0.000000001493638   0.00764115
 -0.05006800 0.000000001482221   0.00088574 0.000000001493632   0.00763968
 -0.05018200 0.000000001482219   0.00088725 0.000000001493627   0.00763773
 -0.05029600 0.000000001482216   0.00088940 0.000000001493622   0.00763643
 -0.05041000 0.000000001482213   0.00089161 0.000000001493617   0.00763521
 -0.05052400 0.000000001482210   0.00089370 0.000000001493612   0.00763387
 -0.05063800 0.000000001482206   0.00089581 0.000000001493607   0.00763258
 -0.05075200 0.000000001482204   0.00089735 0.000000001493601   0.00763073
 -0.05086600 0.000000001482201   0.00089948 0.000000001493596   0.00762949
 -0.05098000 0.000000001482197   0.00090195 0.000000001493591   0.00762859
 -0.05109400 0.000000001482194   0.00090389 0.000000001493586   0.00762719
 -0.05120800 0.000000001482199   0.00090073 0.000000001493581   0.00762074
 -0.05132200 0.000000001482194   0.00090405 0.000000001493576   0.00762073
 -0.05143600 0.000000001482191   0.00090604 0.000000001493571   0.00761942
 -0.05155000 0.000000001482188   0.00090818 0.000000001493567   0.00761828
 -0.05166400 0.000000001482186   0.00090968 0.000000001493562   0.00761651
 -0.05177800 0.000000001482183   0.00091156 0.000000001493557   0.00761513
 -0.05189200 0.000000001482180   0.00091399 0.000000001493552   0.00761430
 -0.05200600 0.000000001482178   0.00091519 0.000000001493547   0.00761228
 -0.05212000 0.000000001482175   0.00091694 0.000000001493542   0.00761081
 -0.05223400 0.000000001482169   0.00092089 0.000000001493537   0.00761154
 -0.05234800 0.000000001482166   0.00092297 0.000000001493533   0.00761043
 -0.05246200 0.000000001482164   0.00092471 0.000000001493528   0.00760899
 -0.05257600 0.000000001482161   0.00092663 0.000000001493523   0.00760776
 -0.05269000 0.000000001482158   0.00092851 0.000000001493518   0.00760648
 -0.05280400 0.000000001482155   0.00093071 0.000000001493514   0.00760554
 -0.05291800 0.000000001482152   0.00093284 0.000000001493509   0.00760455
 -0.05303200 0.000000001482141   0.00093990 0.000000001493504   0.00760846
 -0.05314600 0.000000001482137   0.00094267 0.000000001493500   0.00760812
 -0.05326000 0.000000001482135   0.00094401 0.000000001493495   0.00760638
 -0.05337400 0.000000001482132   0.00094609 0.000000001493490   0.00760539
 -0.05348800 0.000000001482129   0.00094810 0.000000001493486   0.00760433
 -0.05360200 0.000000001482126   0.00094992 0.000000001493481   0.00760311
 -0.05371600 0.000000001482123   0.00095216 0.000000001493477   0.00760231
 -0.05383000 0.000000001482120   0.00095403 0.000000001493472   0.00760116
 -0.05394400 0.000000001482118   0.00095532 0.000000001493468   0.00759944
 -0.05405800 0.000000001482115   0.00095732 0.000000001493463   0.00759844
 -0.05417200 0.000000001482118   0.00095515 0.000000001493459   0.00759332
 -0.05428600 0.000000001482116   0.00095693 0.000000001493454   0.00759212
 -0.05440000 0.000000001482113   0.00095889 0.000000001493450   0.00759112
 -0.05451400 0.000000001482110   0.00096087 0.000000001493445   0.00759014
 -0.05462800 0.000000001482107   0.00096309 0.000000001493441   0.00758943
 -0.05474200 0.000000001482104   0.00096519 0.000000001493437   0.00758859
 -0.05485600 0.000000001482101   0.00096709 0.000000001493432   0.00758758
 -0.05497000 0.000000001482097   0.00096953 0.000000001493428   0.00758712
 -0.05508400 0.000000001482095   0.00097113 0.000000001493424   0.00758582
 -0.05519800 0.000000001482092   0.00097300 0.000000001493419   0.00758481
 -0.05531200 0.000000001482076   0.00098390 0.000000001493415   0.00759278
 -0.05542600 0.000000001482074   0.00098479 0.000000001493411   0.00759082
 -0.05554000 0.000000001482072   0.00098673 0.000000001493406   0.00758991
 -0.05565400 0.000000001482068   0.00098891 0.000000001493402   0.00758926
 -0.05576800 0.000000001482065   0.00099087 0.000000001493398   0.00758839
 -0.05588200 0.000000001482062   0.00099349 0.000000001493394   0.00758820
 -0.05599600 0.000000001482062   0.00099307 0.000000001493390   0.00758499
 -0.05611000 0.000000001482060   0.00099475 0.000000001493385   0.00758388
 -0.05622400 0.000000001482088   0.00097583 0.000000001493381   0.00756231
 -0.05633800 0.000000001482085   0.00097753 0.000000001493377   0.00756125
 -0.05645200 0.000000001482082   0.00097944 0.000000001493373   0.00756040
 -0.05656600 0.000000001482080   0.00098139 0.000000001493369   0.00755960
 -0.05668000 0.000000001482092   0.00097331 0.000000001493365   0.00754885
 -0.05679400 0.000000001482089   0.00097484 0.000000001493361   0.00754765
 -0.05690800 0.000000001482085   0.00097738 0.000000001493357   0.00754748
 -0.05702200 0.000000001482083   0.00097926 0.000000001493352   0.00754665
 -0.05713600 0.000000001482080   0.00098136 0.000000001493348   0.00754605
 -0.05725000 0.000000001482076   0.00098357 0.000000001493344   0.00754557
 -0.05736400 0.000000001482074   0.00098522 0.000000001493340   0.00754455
 -0.05747800 0.000000001482071   0.00098728 0.000000001493336   0.00754395
 -0.05759200 0.000000001482068   0.00098933 0.000000001493332   0.00754334
 -0.05770600 0.000000001482066   0.00099051 0.000000001493328   0.00754188
 -0.05782000 0.000000001482063   0.00099246 0.000000001493325   0.00754119
 -0.05793400 0.000000001482060   0.00099440 0.000000001493321   0.00754051
 -0.05804800 0.000000001482058   0.00099563 0.000000001493317   0.00753913
 -0.05816200 0.000000001482056   0.00099723 0.000000001493313   0.00753813
 -0.05827600 0.000000001482054   0.00099892 0.000000001493309   0.00753722
 -0.05839000 0.000000001482034   0.00101214 0.000000001493305   0.00754778
 -0.05850400 0.000000001482031   0.00101381 0.000000001493301   0.00754688
 -0.05861800 0.000000001482028   0.00101591 0.000000001493297   0.00754641
 -0.05873200 0.000000001482026   0.00101772 0.000000001493294   0.00754567
 -0.05884600 0.000000001482023   0.00101951 0.000000001493290   0.00754491
 -0.05896000 0.000000001482021   0.00102113 0.000000001493286   0.00754399
 -0.05907400 0.000000001482018   0.00102281 0.000000001493282   0.00754314
 -0.05918800 0.000000001482031   0.00101414 0.000000001493278   0.00753203
 -0.05930200 0.000000001482028   0.00101624 0.000000001493275   0.00753162
 -0.05941600 0.000000001482024   0.00101850 0.000000001493271   0.00753137
 -0.05953000 0.000000001482086   0.00097702 0.000000001493267   0.00748769
 -0.05964400 0.000000001482084   0.00097870 0.000000001493263   0.00748689
 -0.05975800 0.000000001482081   0.00098056 0.000000001493260   0.00748626
 -0.05987200 0.000000001482078   0.00098258 0.000000001493256   0.00748583
 -0.05998600 0.000000001482077   0.00098301 0.000000001493252   0.00748381
 -0.06010000 0.000000001482075   0.00098457 0.000000001493249   0.00748292
 -0.06021400 0.000000001482072   0.00098629 0.000000001493245   0.00748220
 -0.06032800 0.000000001482070   0.00098814 0.000000001493241   0.00748162
 -0.06044200 0.000000001482067   0.00099011 0.000000001493238   0.00748118
 -0.06055600 0.000000001482064   0.00099189 0.000000001493234   0.00748055
 -0.06067000 0.000000001482061   0.00099370 0.000000001493231   0.00747995
 -0.06078400 0.000000001482058   0.00099574 0.000000001493227   0.00747960
 -0.06089800 0.000000001482056   0.00099752 0.000000001493223   0.00747900
 -0.06101200 0.000000001482052   0.00099962 0.000000001493220   0.00747872
 -0.06112600 0.000000001482050   0.00100150 0.000000001493216   0.00747823
 -0.06124000 0.000000001482047   0.00100316 0.000000001493213   0.00747753
 -0.06135400 0.000000001482045   0.00100464 0.000000001493209   0.00747666
 -0.06146800 0.000000001482042   0.00100689 0.000000001493206   0.00747656
 -0.06158200 0.000000001482039   0.00100872 0.000000001493202   0.00747606
 -0.06169600 0.000000001482035   0.00101119 0.000000001493199   0.00747620
 -0.06181000 0.000000001482033   0.00101287 0.000000001493195   0.00747556
 -0.06192400 0.000000001482034   0.00101215 0.000000001493192   0.00747255
 -0.06203800 0.000000001482034   0.00101185 0.000000001493188   0.00746996
 -0.06215200 0.000000001482030   0.00101444 0.000000001493185   0.00747025
 -0.06226600 0.000000001482028   0.00101615 0.000000001493182   0.00746968
 -0.06238000 0.000000001482025   0.00101784 0.000000001493178   0.00746909
 -0.06249400 0.000000001482023   0.00101925 0.000000001493175   0.00746823
 -0.06260800 0.000000001482021   0.00102092 0.000000001493171   0.00746764
 -0.06272200 0.000000001482016   0.00102416 0.000000001493168   0.00746862
 -0.06283600 0.000000001482014   0.00102587 0.000000001493165   0.00746808
 -0.06295000 0.000000001482011   0.00102757 0.000000001493161   0.00746755
 -0.06306400 0.000000001482010   0.00102799 0.000000001493158   0.00746574
 -0.06317800 0.000000001482008   0.00102975 0.000000001493155   0.00746528
 -0.06329200 0.000000001482005   0.00103164 0.000000001493151   0.00746495
 -0.06340600 0.000000001482003   0.00103330 0.000000001493148   0.00746441
 -0.06352000 0.000000001482000   0.00103472 0.000000001493145   0.00746362
 -0.06363400 0.000000001481998   0.00103649 0.000000001493141   0.00746320
 -0.06374800 0.000000001481995   0.00103804 0.000000001493138   0.00746257
 -0.06386200 0.000000001481993   0.00103960 0.000000001493135   0.00746195
 -0.06397600 0.000000001481990   0.00104146 0.000000001493132   0.00746164
 -0.06409000 0.000000001481989   0.00104261 0.000000001493128   0.00746063
 -0.06420400 0.000000001481986   0.00104437 0.000000001493125   0.00746024
 -0.06431800 0.000000001481984   0.00104600 0.000000001493122   0.00745972
 -0.06443200 0.000000001481980   0.00104837 0.000000001493119   0.00745995
 -0.06454600 0.000000001481977   0.00105020 0.000000001493116   0.00745964
 -0.06466000 0.000000001481976   0.00105088 0.000000001493112   0.00745820
 -0.06477400 0.000000001481974   0.00105239 0.000000001493109   0.00745759
 -0.06488800 0.000000001481972   0.00105407 0.000000001493106   0.00745715
 -0.06500200 0.000000001481970   0.00105541 0.000000001493103   0.00745639
 -0.06511600 0.000000001481968   0.00105639 0.000000001493100   0.00745528
 -0.06523000 0.000000001481966   0.00105808 0.000000001493097   0.00745487
 -0.06534400 0.000000001481963   0.00106010 0.000000001493093   0.00745482
 -0.06545800 0.000000001481960   0.00106162 0.000000001493090   0.00745426
 -0.06557200 0.000000001481958   0.00106311 0.000000001493087   0.00745367
 -0.06568600 0.000000001481956   0.00106470 0.000000001493084   0.00745320
 -0.06580000 0.000000001481951   0.00106784 0.000000001493081   0.00745428
 -0.06591400 0.000000001481948   0.00106983 0.000000001493078   0.00745421
 -0.06602800 0.000000001481947   0.00107101 0.000000001493075   0.00745335
 -0.06614200 0.000000001481944   0.00107281 0.000000001493072   0.00745311
 -0.06625600 0.000000001481940   0.00107568 0.000000001493069   0.00745394
 -0.06637000 0.000000001481938   0.00107701 0.000000001493066   0.00745325
 -0.06648400 0.000000001481935   0.00107867 0.000000001493063   0.00745290
 -0.06659800 0.000000001481933   0.00108014 0.000000001493060   0.00745236
 -0.06671200 0.000000001481931   0.00108141 0.000000001493057   0.00745163
 -0.06682600 0.000000001481928   0.00108350 0.000000001493054   0.00745171
 -0.06694000 0.000000001481926   0.00108484 0.000000001493051   0.00745106
 -0.06705400 0.000000001481924   0.00108634 0.000000001493048   0.00745059
 -0.06716800 0.000000001481924   0.00108617 0.000000001493045   0.00744845
 -0.06728200 0.000000001481922   0.00108772 0.000000001493042   0.00744802
 -0.06739600 0.000000001481919   0.00108926 0.000000001493039   0.00744760
 -0.06751000 0.000000001481919   0.00108957 0.000000001493036   0.00744596
 -0.06762400 0.000000001481917   0.00109104 0.000000001493033   0.00744548
 -0.06773800 0.000000001481915   0.00109201 0.000000001493030   0.00744450
 -0.06785200 0.000000001481909   0.00109650 0.000000001493027   0.00744704
 -0.06796600 0.000000001481906   0.00109856 0.000000001493024   0.00744716
 -0.06808000 0.000000001481905   0.00109921 0.000000001493022   0.00744589
 -0.06819400 0.000000001481900   0.00110218 0.000000001493019   0.00744693
 -0.06830800 0.000000001481938   0.00107688 0.000000001493016   0.00741989
 -0.06842200 0.000000001481935   0.00107911 0.000000001493013   0.00742020
 -0.06853600 0.000000001481933   0.00107996 0.000000001493010   0.00741915
 -0.06865000 0.000000001481931   0.00108145 0.000000001493007   0.00741874
 -0.06876400 0.000000001481931   0.00108144 0.000000001493004   0.00741685
 -0.06887800 0.000000001481930   0.00108246 0.000000001493002   0.00741599
 -0.06899200 0.000000001481928   0.00108381 0.000000001492999   0.00741546
 -0.06910600 0.000000001481925   0.00108525 0.000000001492996   0.00741503
 -0.06922000 0.000000001481923   0.00108691 0.000000001492993   0.00741482
 -0.06933400 0.000000001481921   0.00108832 0.000000001492990   0.00741437
 -0.06944800 0.000000001481920   0.00108923 0.000000001492988   0.00741343
 -0.06956200 0.000000001481917   0.00109068 0.000000001492985   0.00741302
 -0.06967600 0.000000001481916   0.00109157 0.000000001492982   0.00741207
 -0.06979000 0.000000001481914   0.00109297 0.000000001492979   0.00741163
 -0.06990400 0.000000001481909   0.00109664 0.000000001492977   0.00741345
 -0.07001800 0.000000001481906   0.00109805 0.000000001492974   0.00741304
 -0.07013200 0.000000001481905   0.00109925 0.000000001492971   0.00741242
 -0.07024600 0.000000001481903   0.00110048 0.000000001492968   0.00741183
 -0.07036000 0.000000001481900   0.00110242 0.000000001492966   0.00741196
 -0.07047400 0.000000001481898   0.00110382 0.000000001492963   0.00741155
 -0.07058800 0.000000001481897   0.00110442 0.000000001492960   0.00741036
 -0.07070200 0.000000001481895   0.00110599 0.000000001492958   0.00741014
 -0.07081600 0.000000001481893   0.00110728 0.000000001492955   0.00740963
 -0.07093000 0.000000001481891   0.00110869 0.000000001492952   0.00740927
 -0.07104400 0.000000001481889   0.00111000 0.000000001492950   0.00740880
 -0.07115800 0.000000001481887   0.00111139 0.000000001492947   0.00740841
 -0.07127200 0.000000001481888   0.00111080 0.000000001492944   0.00740607
 -0.07138600 0.000000001481886   0.00111207 0.000000001492942   0.00740558
 -0.07150000 0.000000001481884   0.00111343 0.000000001492939   0.00740518
 -0.07161400 0.000000001481883   0.00111412 0.000000001492937   0.00740413
 -0.07172800 0.000000001481883   0.00111402 0.000000001492934   0.00740229
 -0.07184200 0.000000001481880   0.00111589 0.000000001492931   0.00740241
 -0.07195600 0.000000001481879   0.00111650 0.000000001492929   0.00740129
 -0.07207000 0.000000001481877   0.00111810 0.000000001492926   0.00740116
 -0.07218400 0.000000001481875   0.00111944 0.000000001492924   0.00740078
 -0.07229800 0.000000001481872   0.00112146 0.000000001492921   0.00740108
 -0.07241200 0.000000001481870   0.00112285 0.000000001492918   0.00740075
 -0.07252600 0.000000001481868   0.00112415 0.000000001492916   0.00740034
 -0.07264000 0.000000001481862   0.00112799 0.000000001492913   0.00740246
 -0.07275400 0.000000001481861   0.00112866 0.000000001492911   0.00740143
 -0.07286800 0.000000001481863   0.00112704 0.000000001492908   0.00739814
 -0.07298200 0.000000001481861   0.00112857 0.000000001492906   0.00739797
 -0.07309600 0.000000001481855   0.00113303 0.000000001492903   0.00740073
 -0.07321000 0.000000001481853   0.00113437 0.000000001492901   0.00740040
 -0.07332400 0.000000001481848   0.00113760 0.000000001492898   0.00740194
 -0.07343800 0.000000001481846   0.00113898 0.000000001492896   0.00740165
 -0.07355200 0.000000001481844   0.00114010 0.000000001492893   0.00740111
 -0.07366600 0.000000001481843   0.00114076 0.000000001492891   0.00740010
 -0.07378000 0.000000001481844   0.00113984 0.000000001492888   0.00739754
 -0.07389400 0.000000001481843   0.00114107 0.000000001492886   0.00739713
 -0.07400800 0.000000001481841   0.00114223 0.000000001492883   0.00739665
 -0.07412200 0.000000001481837   0.00114480 0.000000001492881   0.00739757
 -0.07423600 0.000000001481834   0.00114662 0.000000001492878   0.00739774
 -0.07435000 0.000000001481834   0.00114717 0.000000001492876   0.00739667
 -0.07446400 0.000000001481830   0.00114934 0.000000001492873   0.00739721
 -0.07457800 0.000000001481828   0.00115071 0.000000001492871   0.00739696
 -0.07469200 0.000000001481826   0.00115227 0.000000001492869   0.00739690
 -0.07480600 0.000000001481824   0.00115341 0.000000001492866   0.00739642
 -0.07492000 0.000000001481824   0.00115335 0.000000001492864   0.00739476
 -0.07503400 0.000000001481821   0.00115556 0.000000001492861   0.00739536
 -0.07514800 0.000000001481820   0.00115657 0.000000001492859   0.00739478
 -0.07526200 0.000000001481818   0.00115758 0.000000001492857   0.00739419
 -0.07537600 0.000000001481815   0.00115945 0.000000001492854   0.00739447
 -0.07549000 0.000000001481814   0.00116060 0.000000001492852   0.00739403
 -0.07560400 0.000000001481812   0.00116185 0.000000001492849   0.00739370
 -0.07571800 0.000000001481810   0.00116273 0.000000001492847   0.00739301
 -0.07583200 0.000000001481809   0.00116364 0.000000001492845   0.00739235
 -0.07594600 0.000000001481807   0.00116479 0.000000001492842   0.00739193
 -0.07606000 0.000000001481806   0.00116590 0.000000001492840   0.00739148
 -0.07617400 0.000000001481804   0.00116725 0.000000001492838   0.00739126
 -0.07628800 0.000000001481803   0.00116787 0.000000001492835   0.00739033
 -0.07640200 0.000000001481800   0.00116951 0.000000001492833   0.00739043
 -0.07651600 0.000000001481798   0.00117084 0.000000001492831   0.00739021
 -0.07663000 0.000000001481797   0.00117194 0.000000001492828   0.00738977
 -0.07674400 0.000000001481795   0.00117300 0.000000001492826   0.00738930
 -0.07685800 0.000000001481794   0.00117407 0.000000001492824   0.00738883
 -0.07697200 0.000000001481792   0.00117527 0.000000001492822   0.00738850
 -0.07708600 0.000000001481790   0.00117669 0.000000001492819   0.00738840
 -0.07720000 0.000000001481788   0.00117769 0.000000001492817   0.00738787
 -0.07731400 0.000000001481786   0.00117906 0.000000001492815   0.00738774
 -0.07742800 0.000000001481787   0.00117882 0.000000001492813   0.00738599
 -0.07754200 0.000000001481807   0.00116489 0.000000001492810   0.00737064
 -0.07765600 0.000000001481804   0.00116713 0.000000001492808   0.00737138
 -0.07777000 0.000000001481802   0.00116861 0.000000001492806   0.00737135
 -0.07788400 0.000000001481801   0.00116881 0.000000001492804   0.00737007
 -0.07799800 0.000000001481800   0.00116995 0.000000001492801   0.00736972
 -0.07811200 0.000000001481797   0.00117212 0.000000001492799   0.00737039
 -0.07822600 0.000000001481795   0.00117341 0.000000001492797   0.00737020
 -0.07834000 0.000000001481793   0.00117451 0.000000001492795   0.00736982
 -0.07845400 0.000000001481789   0.00117690 0.000000001492792   0.00737072
 -0.07856800 0.000000001481788   0.00117771 0.000000001492790   0.00737007
 -0.07868200 0.000000001481787   0.00117872 0.000000001492788   0.00736961
 -0.07879600 0.000000001481785   0.00117989 0.000000001492786   0.00736932
 -0.07891000 0.000000001481783   0.00118106 0.000000001492784   0.00736903
 -0.07902400 0.000000001481782   0.00118215 0.000000001492781   0.00736867
 -0.07913800 0.000000001481780   0.00118308 0.000000001492779   0.00736814
 -0.07925200 0.000000001481780   0.00118344 0.000000001492777   0.00736706
 -0.07936600 0.000000001481779   0.00118404 0.000000001492775   0.00736623
 -0.07948000 0.000000001481763   0.00119468 0.000000001492773   0.00737537
 -0.07959400 0.000000001481753   0.00120152 0.000000001492771   0.00738073
 -0.07970800 0.000000001481754   0.00120057 0.000000001492769   0.00737837
 -0.07982200 0.000000001481753   0.00120154 0.000000001492766   0.00737791
 -0.07993600 0.000000001481751   0.00120260 0.000000001492764   0.00737754
 -0.08005000 0.000000001481578   0.00131957 0.000000001492762   0.00749238
 -0.08016400 0.000000001481577   0.00132011 0.000000001492760   0.00749151
 -0.08027800 0.000000001481576   0.00132110 0.000000001492758   0.00749108
 -0.08039200 0.000000001481572   0.00132348 0.000000001492756   0.00749205
 -0.08050600 0.000000001481570   0.00132463 0.000000001492754   0.00749179
 -0.08062000 0.000000001481569   0.00132558 0.000000001492752   0.00749134
 -0.08073400 0.000000001481568   0.00132621 0.000000001492750   0.00749058
 -0.08084800 0.000000001481566   0.00132751 0.000000001492747   0.00749049
 -0.08096200 0.000000001481565   0.00132795 0.000000001492745   0.00748953
 -0.08107600 0.000000001481564   0.00132889 0.000000001492743   0.00748909
 -0.08119000 0.000000001481563   0.00132987 0.000000001492741   0.00748869
 -0.08130400 0.000000001481561   0.00133066 0.000000001492739   0.00748810
 -0.08141800 0.000000001481559   0.00133199 0.000000001492737   0.00748805
 -0.08153200 0.000000001481559   0.00133258 0.000000001492735   0.00748728
 -0.08164600 0.000000001481580   0.00131824 0.000000001492733   0.00747166
 -0.08176000 0.000000001481578   0.00131943 0.000000001492731   0.00747149
 -0.08187400 0.000000001481620   0.00129147 0.000000001492729   0.00744234
 -0.08198800 0.000000001481618   0.00129249 0.000000001492727   0.00744200
 -0.08210200 0.000000001481617   0.00129345 0.000000001492725   0.00744161
 -0.08221600 0.000000001481615   0.00129449 0.000000001492723   0.00744129
 -0.08233000 0.000000001481613   0.00129561 0.000000001492721   0.00744107
 -0.08244400 0.000000001481612   0.00129653 0.000000001492719   0.00744065
 -0.08255800 0.000000001481568   0.00132615 0.000000001492717   0.00746875
 -0.08267200 0.000000001481568   0.00132620 0.000000001492715   0.00746747
 -0.08278600 0.000000001481567   0.00132708 0.000000001492713   0.00746701
 -0.08290000 0.000000001481565   0.00132812 0.000000001492711   0.00746672
 -0.08301400 0.000000001481564   0.00132906 0.000000001492709   0.00746633
 -0.08312800 0.000000001481563   0.00132972 0.000000001492707   0.00746567
 -0.08324200 0.000000001481550   0.00133858 0.000000001492705   0.00747317
 -0.08335600 0.000000001481539   0.00134577 0.000000001492703   0.00747901
 -0.08347000 0.000000001481538   0.00134641 0.000000001492701   0.00747833
 -0.08358400 0.000000001481537   0.00134728 0.000000001492699   0.00747789
 -0.08369800 0.000000001481537   0.00134718 0.000000001492697   0.00747650
 -0.08381200 0.000000001481536   0.00134801 0.000000001492695   0.00747602
 -0.08392600 0.000000001481534   0.00134917 0.000000001492693   0.00747588
 -0.08404000 0.000000001481533   0.00134990 0.000000001492691   0.00747532
 -0.08415400 0.000000001481532   0.00135036 0.000000001492689   0.00747448
 -0.08426800 0.000000001481531   0.00135104 0.000000001492687   0.00747388
 -0.08438200 0.000000001481530   0.00135161 0.000000001492685   0.00747316
 -0.08449600 0.000000001481529   0.00135260 0.000000001492683   0.00747287
 -0.08461000 0.000000001481528   0.00135315 0.000000001492682   0.00747214
 -0.08472400 0.000000001481655   0.00126743 0.000000001492680   0.00738567
 -0.08483800 0.000000001481654   0.00126838 0.000000001492678   0.00738534
 -0.08495200 0.000000001481653   0.00126916 0.000000001492676   0.00738486
 -0.08506600 0.000000001481651   0.00126992 0.000000001492674   0.00738435
 -0.08518000 0.000000001481650   0.00127076 0.000000001492672   0.00738393
 -0.08529400 0.000000001481649   0.00127171 0.000000001492670   0.00738362
 -0.08540800 0.000000001481647   0.00127264 0.000000001492668   0.00738328
 -0.08552200 0.000000001481646   0.00127329 0.000000001492666   0.00738268
 -0.08563600 0.000000001481648   0.00127254 0.000000001492664   0.00738069
 -0.08575000 0.000000001481647   0.00127309 0.000000001492663   0.00737999
 -0.08586400 0.000000001481645   0.00127415 0.000000001492661   0.00737981
 -0.08597800 0.000000001481644   0.00127489 0.000000001492659   0.00737930
 -0.08609200 0.000000001481644   0.00127478 0.000000001492657   0.00737796
 -0.08620600 0.000000001481643   0.00127560 0.000000001492655   0.00737754
 -0.08632000 0.000000001481642   0.00127638 0.000000001492653   0.00737709
 -0.08643400 0.000000001481639   0.00127825 0.000000001492651   0.00737772
 -0.08654800 0.000000001481638   0.00127917 0.000000001492650   0.00737741
 -0.08666200 0.000000001481637   0.00127984 0.000000001492648   0.00737686
 -0.08677600 0.000000001481633   0.00128219 0.000000001492646   0.00737798
 -0.08689000 0.000000001481632   0.00128283 0.000000001492644   0.00737740
 -0.08700400 0.000000001481630   0.00128420 0.000000001492642   0.00737755
 -0.08711800 0.000000001481629   0.00128498 0.000000001492641   0.00737711
 -0.08723200 0.000000001481628   0.00128573 0.000000001492639   0.00737665
 -0.08734600 0.000000001481627   0.00128656 0.000000001492637   0.00737628
 -0.08746000 0.000000001481601   0.00130387 0.000000001492635   0.00739228
 -0.08757400 0.000000001481599   0.00130547 0.000000001492633   0.00739268
 -0.08768800 0.000000001481598   0.00130618 0.000000001492632   0.00739219
 -0.08780200 0.000000001481597   0.00130690 0.000000001492630   0.00739172
 -0.08791600 0.000000001481596   0.00130757 0.000000001492628   0.00739119
 -0.08803000 0.000000001481594   0.00130850 0.000000001492626   0.00739093
 -0.08814400 0.000000001481593   0.00130920 0.000000001492624   0.00739045
 -0.08825800 0.000000001481592   0.00131022 0.000000001492623   0.00739028
 -0.08837200 0.000000001481591   0.00131073 0.000000001492621   0.00738961
 -0.08848600 0.000000001481590   0.00131167 0.000000001492619   0.00738938
 -0.08860000 0.000000001481588   0.00131270 0.000000001492617   0.00738922
 -0.08871400 0.000000001481587   0.00131339 0.000000001492616   0.00738874
 -0.08882800 0.000000001481585   0.00131462 0.000000001492614   0.00738880
 -0.08894200 0.000000001481583   0.00131577 0.000000001492612   0.00738878
 -0.08905600 0.000000001481583   0.00131628 0.000000001492610   0.00738813
 -0.08917000 0.000000001481582   0.00131660 0.000000001492609   0.00738729
 -0.08928400 0.000000001481580   0.00131798 0.000000001492607   0.00738751
 -0.08939800 0.000000001481579   0.00131858 0.000000001492605   0.00738695
 -0.08951200 0.000000001481578   0.00131970 0.000000001492603   0.00738691
 -0.08962600 0.000000001481577   0.00131994 0.000000001492602   0.00738600
 -0.08974000 0.000000001481575   0.00132121 0.000000001492600   0.00738612
 -0.08985400 0.000000001481574   0.00132209 0.000000001492598   0.00738586
 -0.08996800 0.000000001481573   0.00132286 0.000000001492596   0.00738548
 -0.09008200 0.000000001481571   0.00132391 0.000000001492595   0.00738539
 -0.09019600 0.000000001481570   0.00132467 0.000000001492593   0.00738501
 -0.09031000 0.000000001481569   0.00132521 0.000000001492591   0.00738442
 -0.09042400 0.000000001481569   0.00132548 0.000000001492590   0.00738356
 -0.09053800 0.000000001481568   0.00132634 0.000000001492588   0.00738329
 -0.09065200 0.000000001481567   0.00132717 0.000000001492586   0.00738299
 -0.09076600 0.000000001481565   0.00132818 0.000000001492585   0.00738288
 -0.09088000 0.000000001481564   0.00132890 0.000000001492583   0.00738247
 -0.09099400 0.000000001481563   0.00132978 0.000000001492581   0.00738223
 -0.09110800 0.000000001481562   0.00133054 0.000000001492580   0.00738187
 -0.09122200 0.000000001481560   0.00133143 0.000000001492578   0.00738165
 -0.09133600 0.000000001481559   0.00133240 0.000000001492576   0.00738151
 -0.09145000 0.000000001481558   0.00133322 0.000000001492575   0.00738121
 -0.09156400 0.000000001481557   0.00133379 0.000000001492573   0.00738068
 -0.09167800 0.000000001481555   0.00133490 0.000000001492571   0.00738069
 -0.09179200 0.000000001481554   0.00133554 0.000000001492570   0.00738022
 -0.09190600 0.000000001481553   0.00133635 0.000000001492568   0.00737993
 -0.09202000 0.000000001481552   0.00133703 0.000000001492566   0.00737951
 -0.09213400 0.000000001481550   0.00133857 0.000000001492565   0.00737996
 -0.09224800 0.000000001481549   0.00133930 0.000000001492563   0.00737959
 -0.09236200 0.000000001481547   0.00134058 0.000000001492561   0.00737978
 -0.09247600 0.000000001481546   0.00134121 0.000000001492560   0.00737932
 -0.09259000 0.000000001481544   0.00134203 0.000000001492558   0.00737907
 -0.09270400 0.000000001481543   0.00134298 0.000000001492557   0.00737893
 -0.09281800 0.000000001481542   0.00134386 0.000000001492555   0.00737873
 -0.09293200 0.000000001481541   0.00134460 0.000000001492553   0.00737839
 -0.09304600 0.000000001481540   0.00134539 0.000000001492552   0.00737811
 -0.09316000 0.000000001481539   0.00134598 0.000000001492550   0.00737762
 -0.09327400 0.000000001481538   0.00134653 0.000000001492549   0.00737710
 -0.09338800 0.000000001481537   0.00134722 0.000000001492547   0.00737673
 -0.09350200 0.000000001481536   0.00134784 0.000000001492545   0.00737628
 -0.09361600 0.000000001481535   0.00134856 0.000000001492544   0.00737594
 -0.09373000 0.000000001481535   0.00134866 0.000000001492542   0.00737498
 -0.09384400 0.000000001481534   0.00134942 0.000000001492541   0.00737468
 -0.09395800 0.000000001481532   0.00135012 0.000000001492539   0.00737433
 -0.09407200 0.000000001481531   0.00135080 0.000000001492537   0.00737395
 -0.09418600 0.000000001481530   0.00135151 0.000000001492536   0.00737361
 -0.09430000 0.000000001481530   0.00135193 0.000000001492534   0.00737298
 -0.09441400 0.000000001481530   0.00135208 0.000000001492533   0.00737209
 -0.09452800 0.000000001481529   0.00135272 0.000000001492531   0.00737169
 -0.09464200 0.000000001481528   0.00135338 0.000000001492530   0.00737130
 -0.09475600 0.000000001481526   0.00135440 0.000000001492528   0.00737128
 -0.09487000 0.000000001481525   0.00135515 0.000000001492526   0.00737100
 -0.09498400 0.000000001481525   0.00135547 0.000000001492525   0.00737029
 -0.09509800 0.000000001481524   0.00135615 0.000000001492523   0.00736993
 -0.09521200 0.000000001481522   0.00135691 0.000000001492522   0.00736966
 -0.09532600 0.000000001481521   0.00135767 0.000000001492520   0.00736939
 -0.09544000 0.000000001481520   0.00135824 0.000000001492519   0.00736893
 -0.09555400 0.000000001481520   0.00135867 0.000000001492517   0.00736834
 -0.09566800 0.000000001481519   0.00135944 0.000000001492516   0.00736809
 -0.09578200 0.000000001481517   0.00136042 0.000000001492514   0.00736805
 -0.09589600 0.000000001481516   0.00136117 0.000000001492513   0.00736778
 -0.09601000 0.000000001481514   0.00136235 0.000000001492511   0.00736794
 -0.09612400 0.000000001481514   0.00136284 0.000000001492510   0.00736741
 -0.09623800 0.000000001481513   0.00136343 0.000000001492508   0.00736700
 -0.09635200 0.000000001481512   0.00136422 0.000000001492507   0.00736678
 -0.09646600 0.000000001481510   0.00136528 0.000000001492505   0.00736683
 -0.09658000 0.000000001481509   0.00136565 0.000000001492504   0.00736620
 -0.09669400 0.000000001481510   0.00136504 0.000000001492502   0.00736460
 -0.09680800 0.000000001481509   0.00136578 0.000000001492501   0.00736434
 -0.09692200 0.000000001481509   0.00136605 0.000000001492499   0.00736360
 -0.09703600 0.000000001481508   0.00136694 0.000000001492498   0.00736350
 -0.09715000 0.000000001481506   0.00136801 0.000000001492496   0.00736358
 -0.09726400 0.000000001481505   0.00136867 0.000000001492495   0.00736324
 -0.09737800 0.000000001481504   0.00136938 0.000000001492493   0.00736296
 -0.09749200 0.000000001481503   0.00137003 0.000000001492492   0.00736263
 -0.09760600 0.000000001481501   0.00137147 0.000000001492490   0.00736307
 -0.09772000 0.000000001481500   0.00137211 0.000000001492489   0.00736273
 -0.09783400 0.000000001481499   0.00137268 0.000000001492487   0.00736232
 -0.09794800 0.000000001481498   0.00137344 0.000000001492486   0.00736210
 -0.09806200 0.000000001481497   0.00137401 0.000000001492484   0.00736170
 -0.09817600 0.000000001481496   0.00137464 0.000000001492483   0.00736135
 -0.09829000 0.000000001481495   0.00137508 0.000000001492481   0.00736082
 -0.09840400 0.000000001481495   0.00137526 0.000000001492480   0.00736003
 -0.09851800 0.000000001481494   0.00137590 0.000000001492478   0.00735970
 -0.09863200 0.000000001481494   0.00137600 0.000000001492477   0.00735883
 -0.09874600 0.000000001481493   0.00137661 0.000000001492476   0.00735848
 -0.09886000 0.000000001481492   0.00137720 0.000000001492474   0.00735811
 -0.09897400 0.000000001481490   0.00137854 0.000000001492473   0.00735849
 -0.09908800 0.000000001481490   0.00137873 0.000000001492471   0.00735772
 -0.09920200 0.000000001481489   0.00137966 0.000000001492470   0.00735769
 -0.09931600 0.000000001481488   0.00138018 0.000000001492468   0.00735725
 -0.09943000 0.000000001481487   0.00138096 0.000000001492467   0.00735708
 -0.09954400 0.000000001481486   0.00138129 0.000000001492466   0.00735646
 -0.09965800 0.000000001481485   0.00138194 0.000000001492464   0.00735616
 -0.09977200 0.000000001481485   0.00138202 0.000000001492463   0.00735530
 -0.09988600 0.000000001481484   0.00138277 0.000000001492461   0.00735510
 -0.10000000 0.000000001481484   0.00138308 0.000000001492460   0.00735447
